0|6|11||2|4|5||||"29203511"|"49638805"
5|12|18||5|40|75||||"29203511"|"49638806"
20|24|28||75|162|250||||"29203511"|"49638807"
0|5|9||250|625|1000||||"29203511"|"49638808"
0|6|11||2|4|5||||"29203512"|"49638809"
5|12|18||5|40|75||||"29203512"|"49638810"
20|24|28||75|162|250||||"29203512"|"49638811"
0|5|9||250|625|1000||||"29203512"|"49638812"
0|7|14||2|4|5||||"29203514"|"49638813"
13|20|26||5|40|75||||"29203514"|"49638814"
0|2|3||75|162|250||||"29203514"|"49638815"
0|7|14||2|4|5||||"29203515"|"49638816"
13|20|26||5|40|75||||"29203515"|"49638817"
0|2|3||75|162|250||||"29203515"|"49638818"
0|7|14||2|4|5||||"29203516"|"49638819"
23|30|37||5|40|75||||"29203516"|"49638820"
0|3|6||75|162|250||||"29203516"|"49638821"
0|7|14||2|4|5||||"29203517"|"49638822"
23|30|37||5|40|75||||"29203517"|"49638823"
0|3|6||75|162|250||||"29203517"|"49638824"
0|7|14||2|4|5||||"29203518"|"49638825"
23|30|37||5|40|75||||"29203518"|"49638826"
0|3|6||75|162|250||||"29203518"|"49638827"
0|5|10||2|4|5||||"29203519"|"49638828"
6|12|18||5|40|75||||"29203519"|"49638829"
14|20|25||75|162|250||||"29203519"|"49638830"
3|6|9||250|625|1000||||"29203519"|"49638831"
0|5|9||2|4|5||||"29203520"|"49638832"
6|14|22||5|40|75||||"29203520"|"49638833"
17|24|31||75|162|250||||"29203520"|"49638834"
6|9|11||250|625|1000||||"29203520"|"49638835"
0|2|3||250|625|1000||||"29203522"|"49638836"
0|5|9||2|4|5||||"29203522"|"49638837"
17|22|26||5|40|75||||"29203522"|"49638838"
0|3|6||75|162|250||||"29203522"|"49638839"
0|7|14||2|4|5||||"29203523"|"49638840"
19|31|43||5|40|75||||"29203523"|"49638841"
0|9|17||75|162|250||||"29203523"|"49638842"
0|3|6||250|625|1000||||"29203523"|"49638843"
0|7|14||2|4|5||||"29203524"|"49638844"
22|35|48||5|40|75||||"29203524"|"49638845"
0|9|17||75|162|250||||"29203524"|"49638846"
0|3|6||250|625|1000||||"29203524"|"49638847"
0|7|14||2|4|5||||"29203525"|"49638848"
19|31|43||5|40|75||||"29203525"|"49638849"
0|9|17||75|162|250||||"29203525"|"49638850"
0|3|6||250|625|1000||||"29203525"|"49638851"
0|6|11||2|4|5||||"29203526"|"49638852"
5|12|18||5|40|75||||"29203526"|"49638853"
20|24|28||75|162|250||||"29203526"|"49638854"
0|5|9||250|625|1000||||"29203526"|"49638855"
0|6|11||2|4|5||||"29203527"|"49638856"
5|12|18||5|40|75||||"29203527"|"49638857"
20|24|28||75|162|250||||"29203527"|"49638858"
0|5|9||250|625|1000||||"29203527"|"49638859"
0|5|9||2|4|5||||"29203529"|"49638860"
8|16|24||5|40|75||||"29203529"|"49638861"
20|26|31||75|162|250||||"29203529"|"49638862"
0|5|9||250|625|1000||||"29203529"|"49638863"
0|6|11||2|4|5||||"29203530"|"49638864"
9|16|23||5|40|75||||"29203530"|"49638865"
14|20|25||75|162|250||||"29203530"|"49638866"
0|3|6||250|625|1000||||"29203530"|"49638867"
0|6|11||2|4|5||||"29203531"|"49638868"
8|16|23||5|40|75||||"29203531"|"49638869"
14|20|25||75|162|250||||"29203531"|"49638870"
0|5|9||250|625|1000||||"29203531"|"49638871"
0|4|8||2|4|5||||"29203532"|"49638872"
8|16|23||5|40|75||||"29203532"|"49638873"
25|30|34||75|162|250||||"29203532"|"49638874"
0|5|9||250|625|1000||||"29203532"|"49638875"
0|6|11||2|4|5||||"29203533"|"49638876"
8|18|28||5|40|75||||"29203533"|"49638877"
9|16|23||75|162|250||||"29203533"|"49638878"
6|12|17||250|625|1000||||"29203533"|"49638879"
0|5|10||2|4|5||||"29203534"|"49638880"
8|15|22||5|40|75||||"29203534"|"49638881"
14|20|25||75|162|250||||"29203534"|"49638882"
3|6|9||250|625|1000||||"29203534"|"49638883"
0|5|9||2|4|5||||"29203535"|"49638884"
6|16|26||5|40|75||||"29203535"|"49638885"
17|24|31||75|162|250||||"29203535"|"49638886"
6|10|14||250|625|1000||||"29203535"|"49638887"
0|5|9||2|4|5||||"29203536"|"49638888"
6|16|26||5|40|75||||"29203536"|"49638889"
17|24|31||75|162|250||||"29203536"|"49638890"
6|10|14||250|625|1000||||"29203536"|"49638891"
0|6|11||2|4|5||||"29203538"|"49638892"
10|18|26||5|40|75||||"29203538"|"49638893"
14|20|25||75|162|250||||"29203538"|"49638894"
0|3|6||250|625|1000||||"29203538"|"49638895"
0|6|11||2|4|5||||"29203539"|"49638896"
10|18|26||5|40|75||||"29203539"|"49638897"
14|20|25||75|162|250||||"29203539"|"49638898"
0|3|6||250|625|1000||||"29203539"|"49638899"
0|6|12||2|4|5||||"29203540"|"49638900"
9|18|26||5|40|75||||"29203540"|"49638901"
17|23|28||75|162|250||||"29203540"|"49638902"
0|3|6||250|625|1000||||"29203540"|"49638903"
0|5|9||2|4|5||||"29203541"|"49638904"
9|18|26||5|40|75||||"29203541"|"49638905"
23|29|34||75|162|250||||"29203541"|"49638906"
0|3|6||250|625|1000||||"29203541"|"49638907"
0|6|11||2|4|5||||"29203543"|"49638908"
8|18|28||5|40|75||||"29203543"|"49638909"
9|16|23||75|162|250||||"29203543"|"49638910"
6|12|17||250|625|1000||||"29203543"|"49638911"
0|5|10||2|4|5||||"29203544"|"49638912"
8|15|22||5|40|75||||"29203544"|"49638913"
14|20|25||75|162|250||||"29203544"|"49638914"
3|6|9||250|625|1000||||"29203544"|"49638915"
0|5|9||2|4|5||||"29203545"|"49638916"
6|16|26||5|40|75||||"29203545"|"49638917"
17|24|31||75|162|250||||"29203545"|"49638918"
6|10|14||250|625|1000||||"29203545"|"49638919"
0|5|9||2|4|5||||"29203546"|"49638920"
6|16|26||5|40|75||||"29203546"|"49638921"
17|24|31||75|162|250||||"29203546"|"49638922"
6|10|14||250|625|1000||||"29203546"|"49638923"
0|6|11||2|4|5||||"29203548"|"49638924"
0|2|3||5|40|75||||"29203548"|"49638925"
0|2|3||75|162|250||||"29203548"|"49638926"
0|2|3||250|625|1000||||"29203548"|"49638927"
0|7|14||2|4|5||||"29203549"|"49638928"
10|17|23||5|40|75||||"29203549"|"49638929"
0|3|6||75|162|250||||"29203549"|"49638930"
0|2|3||250|625|1000||||"29203549"|"49638931"
0|5|10||2|4|5||||"29203550"|"49638932"
5|10|14||5|40|75||||"29203550"|"49638933"
9|15|20||75|162|250||||"29203550"|"49638934"
0|3|6||250|625|1000||||"29203550"|"49638935"
0|5|10||2|4|5||||"29203551"|"49638936"
5|10|14||5|40|75||||"29203551"|"49638937"
9|15|20||75|162|250||||"29203551"|"49638938"
0|3|6||250|625|1000||||"29203551"|"49638939"
0|6|11||2|4|5||||"29203552"|"49638940"
10|18|25||5|40|75||||"29203552"|"49638941"
11|17|23||75|162|250||||"29203552"|"49638942"
0|3|6||250|625|1000||||"29203552"|"49638943"
0|9|18||2|4|5||||"29203553"|"49638944"
10|22|33||5|40|75||||"29203553"|"49638945"
6|15|23||75|162|250||||"29203553"|"49638946"
0|3|6||250|625|1000||||"29203553"|"49638947"
0|5|9||2|4|5||||"29203554"|"49638948"
3|6|9||5|40|75||||"29203554"|"49638949"
0|2|3||75|162|250||||"29203554"|"49638950"
0|7|14||2|4|5||||"29203555"|"49638951"
10|17|23||5|40|75||||"29203555"|"49638952"
0|3|6||75|162|250||||"29203555"|"49638953"
0|2|3||250|625|1000||||"29203555"|"49638954"
0|6|11||2|4|5||||"29203556"|"49638955"
5|12|18||5|40|75||||"29203556"|"49638956"
11|18|25||75|162|250||||"29203556"|"49638957"
0|3|6||250|625|1000||||"29203556"|"49638958"
0|6|11||2|4|5||||"29203557"|"49638959"
7|17|26||5|40|75||||"29203557"|"49638960"
14|23|31||75|162|250||||"29203557"|"49638961"
0|5|9||250|625|1000||||"29203557"|"49638962"
0|5|9||2|4|5||||"29203558"|"49638963"
3|6|9||5|40|75||||"29203558"|"49638964"
0|2|3||75|162|250||||"29203558"|"49638965"
0|7|14||2|4|5||||"29203559"|"49638966"
10|17|23||5|40|75||||"29203559"|"49638967"
0|3|6||75|162|250||||"29203559"|"49638968"
0|2|3||250|625|1000||||"29203559"|"49638969"
0|5|9||2|4|5||||"29203560"|"49638970"
13|17|20||5|40|75||||"29203560"|"49638971"
0|3|6||75|162|250||||"29203560"|"49638972"
0|7|14||2|4|5||||"29203561"|"49638973"
10|17|23||5|40|75||||"29203561"|"49638974"
0|3|6||75|162|250||||"29203561"|"49638975"
0|2|3||250|625|1000||||"29203561"|"49638976"
0|5|9||2|4|5||||"29203562"|"49638977"
13|17|20||5|40|75||||"29203562"|"49638978"
0|3|6||75|162|250||||"29203562"|"49638979"
0|7|14||2|4|5||||"29203563"|"49638980"
10|17|23||5|40|75||||"29203563"|"49638981"
0|3|6||75|162|250||||"29203563"|"49638982"
0|2|3||250|625|1000||||"29203563"|"49638983"
0|6|11||2|4|5||||"29203564"|"49638984"
5|12|18||5|40|75||||"29203564"|"49638985"
11|18|25||75|162|250||||"29203564"|"49638986"
0|3|6||250|625|1000||||"29203564"|"49638987"
0|6|11||2|4|5||||"29203565"|"49638988"
7|17|26||5|40|75||||"29203565"|"49638989"
14|23|31||75|162|250||||"29203565"|"49638990"
0|5|9||250|625|1000||||"29203565"|"49638991"
0|5|9||2|4|5||||"29203566"|"49638992"
13|17|20||5|40|75||||"29203566"|"49638993"
0|3|6||75|162|250||||"29203566"|"49638994"
0|5|9||2|4|5||||"29203567"|"49638995"
13|17|20||5|40|75||||"29203567"|"49638996"
0|3|6||75|162|250||||"29203567"|"49638997"
0|7|14||2|4|5||||"29203568"|"49638998"
10|17|23||5|40|75||||"29203568"|"49638999"
0|3|6||75|162|250||||"29203568"|"49639000"
0|2|3||250|625|1000||||"29203568"|"49639001"
0|7|14||2|4|5||||"29203569"|"49639002"
10|17|23||5|40|75||||"29203569"|"49639003"
0|3|6||75|162|250||||"29203569"|"49639004"
0|2|3||250|625|1000||||"29203569"|"49639005"
5|12|18||5|40|75||||"29203570"|"49639006"
11|18|25||75|162|250||||"29203570"|"49639007"
0|3|6||250|625|1000||||"29203570"|"49639008"
0|6|11||2|4|5||||"29203570"|"49639009"
0|6|11||2|4|5||||"29203571"|"49639010"
7|17|26||5|40|75||||"29203571"|"49639011"
14|23|31||75|162|250||||"29203571"|"49639012"
0|5|9||250|625|1000||||"29203571"|"49639013"
0|5|9||2|4|5||||"29203572"|"49639014"
13|17|20||5|40|75||||"29203572"|"49639015"
0|3|6||75|162|250||||"29203572"|"49639016"
0|5|9||2|4|5||||"29203573"|"49639017"
13|17|20||5|40|75||||"29203573"|"49639018"
0|3|6||75|162|250||||"29203573"|"49639019"
0|7|14||2|4|5||||"29203574"|"49639020"
10|17|23||5|40|75||||"29203574"|"49639021"
0|3|6||75|162|250||||"29203574"|"49639022"
0|2|3||250|625|1000||||"29203574"|"49639023"
0|7|14||2|4|5||||"29203575"|"49639024"
10|17|23||5|40|75||||"29203575"|"49639025"
0|3|6||75|162|250||||"29203575"|"49639026"
0|2|3||250|625|1000||||"29203575"|"49639027"
0|6|11||2|4|5||||"29203576"|"49639028"
5|12|18||5|40|75||||"29203576"|"49639029"
11|18|25||75|162|250||||"29203576"|"49639030"
0|3|6||250|625|1000||||"29203576"|"49639031"
0|6|11||2|4|5||||"29203577"|"49639032"
7|17|26||5|40|75||||"29203577"|"49639033"
14|23|31||75|162|250||||"29203577"|"49639034"
0|5|9||250|625|1000||||"29203577"|"49639035"
0|5|9||2|4|5||||"29203578"|"49639036"
13|17|20||5|40|75||||"29203578"|"49639037"
0|3|6||75|162|250||||"29203578"|"49639038"
0|7|14||2|4|5||||"29203579"|"49639039"
10|17|23||5|40|75||||"29203579"|"49639040"
0|3|6||75|162|250||||"29203579"|"49639041"
0|2|3||250|625|1000||||"29203579"|"49639042"
0|7|14||2|4|5||||"29203580"|"49639043"
10|17|23||5|40|75||||"29203580"|"49639044"
0|3|6||75|162|250||||"29203580"|"49639045"
0|2|3||250|625|1000||||"29203580"|"49639046"
0|6|11||2|4|5||||"29203581"|"49639047"
5|12|18||5|40|75||||"29203581"|"49639048"
11|18|25||75|162|250||||"29203581"|"49639049"
0|3|6||250|625|1000||||"29203581"|"49639050"
0|6|11||2|4|5||||"29203582"|"49639051"
7|17|26||5|40|75||||"29203582"|"49639052"
14|23|31||75|162|250||||"29203582"|"49639053"
0|5|9||250|625|1000||||"29203582"|"49639054"
0|6|11||2|4|5||||"29203583"|"49639055"
8|18|28||5|40|75||||"29203583"|"49639056"
9|16|23||75|162|250||||"29203583"|"49639057"
6|12|17||250|625|1000||||"29203583"|"49639058"
0|7|14||2|4|5||||"29203631"|"49639059"
0|6|11||5|40|75||||"29203631"|"49639060"
0|7|14||2|4|5||||"29203632"|"49639061"
8|14|20||5|40|75||||"29203632"|"49639062"
0|3|6||75|162|250||||"29203632"|"49639063"
0|2|3||2|4|5||||"29203639"|"49639064"
0|2|3||5|40|75||||"29203639"|"49639065"
0|4|8||2|4|5||||"29203644"|"49639066"
23|28|33||5|40|75||||"29203644"|"49639067"
6|9|11||75|162|250||||"29203644"|"49639068"
0|2|3||250|625|1000||||"29203644"|"49639069"
0|7|13||2|4|5||||"29203645"|"49639070"
19|26|33||5|40|75||||"29203645"|"49639071"
6|9|11||75|162|250||||"29203645"|"49639072"
0|2|3||250|625|1000||||"29203645"|"49639073"
0|5|10||2|4|5||||"29203646"|"49639074"
24|34|43||5|40|75||||"29203646"|"49639075"
6|12|17||75|162|250||||"29203646"|"49639076"
0|3|6||250|625|1000||||"29203646"|"49639077"
0|7|13||2|4|5||||"29203647"|"49639078"
19|26|33||5|40|75||||"29203647"|"49639079"
6|9|11||75|162|250||||"29203647"|"49639080"
0|2|3||250|625|1000||||"29203647"|"49639081"
0|4|8||2|4|5||||"29203649"|"49639082"
21|27|32||5|40|75||||"29203649"|"49639083"
3|7|11||75|162|250||||"29203649"|"49639084"
0|2|3||250|625|1000||||"29203649"|"49639085"
0|5|9||2|4|5||||"29203650"|"49639086"
9|15|21||5|40|75||||"29203650"|"49639087"
14|20|25||75|162|250||||"29203650"|"49639088"
0|3|6||250|625|1000||||"29203650"|"49639089"
0|5|9||2|4|5||||"29203651"|"49639090"
9|15|21||5|40|75||||"29203651"|"49639091"
14|20|25||75|162|250||||"29203651"|"49639092"
0|3|6||250|625|1000||||"29203651"|"49639093"
0|9|18||2|4|5||||"29203652"|"49639094"
9|21|33||5|40|75||||"29203652"|"49639095"
6|16|25||75|162|250||||"29203652"|"49639096"
0|3|6||250|625|1000||||"29203652"|"49639097"
0|6|11||2|4|5||||"29203653"|"49639098"
13|24|34||5|40|75||||"29203653"|"49639099"
11|20|28||75|162|250||||"29203653"|"49639100"
0|3|6||250|625|1000||||"29203653"|"49639101"
0|4|8||2|4|5||||"29203654"|"49639102"
14|18|22||5|40|75||||"29203654"|"49639103"
3|5|6||75|162|250||||"29203654"|"49639104"
0|2|3||250|625|1000||||"29203654"|"49639105"
0|7|13||2|4|5||||"29203655"|"49639106"
19|26|33||5|40|75||||"29203655"|"49639107"
6|9|11||75|162|250||||"29203655"|"49639108"
0|2|3||250|625|1000||||"29203655"|"49639109"
0|5|10||2|4|5||||"29203656"|"49639110"
24|34|43||5|40|75||||"29203656"|"49639111"
6|12|17||75|162|250||||"29203656"|"49639112"
0|3|6||250|625|1000||||"29203656"|"49639113"
0|7|13||2|4|5||||"29203657"|"49639114"
19|26|33||5|40|75||||"29203657"|"49639115"
6|9|11||75|162|250||||"29203657"|"49639116"
0|2|3||250|625|1000||||"29203657"|"49639117"
0|2|3||2|4|5||||"29203665"|"49639118"
0|2|3||5|40|75||||"29203665"|"49639119"
0|7|14||2|4|5||||"29203681"|"49639120"
0|6|11||5|40|75||||"29203681"|"49639121"
0|7|14||2|4|5||||"29203682"|"49639122"
8|14|20||5|40|75||||"29203682"|"49639123"
0|3|6||75|162|250||||"29203682"|"49639124"
0|9|17||2|4|5||||"29203692"|"49639125"
34|41|48||5|40|75||||"29203692"|"49639126"
0|7|14||2|4|5||||"29203695"|"49639127"
0|6|11||5|40|75||||"29203695"|"49639128"
0|7|14||2|4|5||||"29203696"|"49639129"
8|14|20||5|40|75||||"29203696"|"49639130"
0|3|6||75|162|250||||"29203696"|"49639131"
0|6|11||2|4|5||||"29203702"|"49639132"
20|28|35||5|40|75||||"29203702"|"49639133"
3|7|11||75|162|250||||"29203702"|"49639134"
0|3|6||250|625|1000||||"29203702"|"49639135"
0|6|11||2|4|5||||"29203703"|"49639136"
12|18|23||5|40|75||||"29203703"|"49639137"
0|3|6||75|162|250||||"29203703"|"49639138"
0|2|3||250|625|1000||||"29203703"|"49639139"
0|6|11||2|4|5||||"29203704"|"49639140"
14|20|26||5|40|75||||"29203704"|"49639141"
0|3|6||75|162|250||||"29203704"|"49639142"
0|2|3||250|625|1000||||"29203704"|"49639143"
3|7|11||75|162|250||||"29203705"|"49639144"
0|3|6||250|625|1000||||"29203705"|"49639145"
0|6|11||2|4|5||||"29203705"|"49639146"
20|28|35||5|40|75||||"29203705"|"49639147"
0|7|14||2|4|5||||"29203707"|"49639148"
12|19|26||5|40|75||||"29203707"|"49639149"
0|3|6||75|162|250||||"29203707"|"49639150"
0|2|3||250|625|1000||||"29203707"|"49639151"
0|7|14||2|4|5||||"29203708"|"49639152"
12|19|26||5|40|75||||"29203708"|"49639153"
0|3|6||75|162|250||||"29203708"|"49639154"
0|2|3||250|625|1000||||"29203708"|"49639155"
0|7|13||2|4|5||||"29203709"|"49639156"
17|25|32||5|40|75||||"29203709"|"49639157"
3|6|9||75|162|250||||"29203709"|"49639158"
0|3|6||250|625|1000||||"29203709"|"49639159"
0|6|11||2|4|5||||"29203710"|"49639160"
6|15|23||5|40|75||||"29203710"|"49639161"
14|23|31||75|162|250||||"29203710"|"49639162"
0|5|9||250|625|1000||||"29203710"|"49639163"
0|6|11||2|4|5||||"29203711"|"49639164"
6|15|23||5|40|75||||"29203711"|"49639165"
14|23|31||75|162|250||||"29203711"|"49639166"
0|5|9||250|625|1000||||"29203711"|"49639167"
0|5|9||2|4|5||||"29203712"|"49639168"
3|6|9||5|40|75||||"29203712"|"49639169"
0|2|3||75|162|250||||"29203712"|"49639170"
0|5|9||2|4|5||||"29203713"|"49639171"
3|6|9||5|40|75||||"29203713"|"49639172"
0|2|3||75|162|250||||"29203713"|"49639173"
0|6|11||2|4|5||||"29203714"|"49639174"
10|15|20||5|40|75||||"29203714"|"49639175"
0|3|6||75|162|250||||"29203714"|"49639176"
0|2|3||250|625|1000||||"29203714"|"49639177"
0|6|11||2|4|5||||"29203715"|"49639178"
14|20|26||5|40|75||||"29203715"|"49639179"
0|3|6||75|162|250||||"29203715"|"49639180"
0|2|3||250|625|1000||||"29203715"|"49639181"
0|7|13||2|4|5||||"29203716"|"49639182"
19|27|35||5|40|75||||"29203716"|"49639183"
3|6|9||75|162|250||||"29203716"|"49639184"
0|3|6||250|625|1000||||"29203716"|"49639185"
0|7|13||2|4|5||||"29203717"|"49639186"
22|30|38||5|40|75||||"29203717"|"49639187"
6|9|11||75|162|250||||"29203717"|"49639188"
0|3|6||250|625|1000||||"29203717"|"49639189"
0|7|14||2|4|5||||"29203718"|"49639190"
10|17|23||5|40|75||||"29203718"|"49639191"
0|3|6||75|162|250||||"29203718"|"49639192"
0|7|14||2|4|5||||"29203719"|"49639193"
10|17|23||5|40|75||||"29203719"|"49639194"
0|3|6||75|162|250||||"29203719"|"49639195"
0|7|14||2|4|5||||"29203720"|"49639196"
10|17|23||5|40|75||||"29203720"|"49639197"
0|3|6||75|162|250||||"29203720"|"49639198"
0|5|9||2|4|5||||"29203721"|"49639199"
3|6|9||5|40|75||||"29203721"|"49639200"
0|5|9||2|4|5||||"29203722"|"49639201"
3|6|9||5|40|75||||"29203722"|"49639202"
0|2|3||75|162|250||||"29203722"|"49639203"
0|5|9||2|4|5||||"29203723"|"49639204"
3|6|9||5|40|75||||"29203723"|"49639205"
0|2|3||75|162|250||||"29203723"|"49639206"
0|6|11||2|4|5||||"29203724"|"49639207"
10|15|20||5|40|75||||"29203724"|"49639208"
0|3|6||75|162|250||||"29203724"|"49639209"
0|2|3||250|625|1000||||"29203724"|"49639210"
0|2|3||250|625|1000||||"29203725"|"49639211"
0|6|11||2|4|5||||"29203725"|"49639212"
14|20|26||5|40|75||||"29203725"|"49639213"
0|3|6||75|162|250||||"29203725"|"49639214"
0|7|13||2|4|5||||"29203726"|"49639215"
19|27|35||5|40|75||||"29203726"|"49639216"
3|6|9||75|162|250||||"29203726"|"49639217"
0|3|6||250|625|1000||||"29203726"|"49639218"
0|7|13||2|4|5||||"29203727"|"49639219"
22|30|38||5|40|75||||"29203727"|"49639220"
6|9|11||75|162|250||||"29203727"|"49639221"
0|3|6||250|625|1000||||"29203727"|"49639222"
0|5|9||2|4|5||||"29203728"|"49639223"
3|6|9||5|40|75||||"29203728"|"49639224"
0|2|3||75|162|250||||"29203728"|"49639225"
0|5|9||2|4|5||||"29203729"|"49639226"
3|6|9||5|40|75||||"29203729"|"49639227"
0|2|3||75|162|250||||"29203729"|"49639228"
0|5|9||2|4|5||||"29203730"|"49639229"
3|6|9||5|40|75||||"29203730"|"49639230"
0|3|6||75|162|250||||"29203730"|"49639231"
0|5|9||2|4|5||||"29203731"|"49639232"
3|6|9||5|40|75||||"29203731"|"49639233"
0|3|6||75|162|250||||"29203731"|"49639234"
0|5|9||2|4|5||||"29203732"|"49639235"
3|6|9||5|40|75||||"29203732"|"49639236"
0|3|6||75|162|250||||"29203732"|"49639237"
0|5|9||2|4|5||||"29203733"|"49639238"
3|6|9||5|40|75||||"29203733"|"49639239"
0|3|6||75|162|250||||"29203733"|"49639240"
0|7|14||2|4|5||||"29203734"|"49639241"
10|17|23||5|40|75||||"29203734"|"49639242"
0|3|6||75|162|250||||"29203734"|"49639243"
0|7|14||2|4|5||||"29203735"|"49639244"
10|17|23||5|40|75||||"29203735"|"49639245"
0|3|6||75|162|250||||"29203735"|"49639246"
0|7|14||2|4|5||||"29203736"|"49639247"
13|20|26||5|40|75||||"29203736"|"49639248"
0|3|6||75|162|250||||"29203736"|"49639249"
0|7|14||2|4|5||||"29203737"|"49639250"
13|20|26||5|40|75||||"29203737"|"49639251"
0|3|6||75|162|250||||"29203737"|"49639252"
0|7|14||2|4|5||||"29203738"|"49639253"
13|20|26||5|40|75||||"29203738"|"49639254"
0|3|6||75|162|250||||"29203738"|"49639255"
0|7|14||2|4|5||||"29203739"|"49639256"
15|22|28||5|40|75||||"29203739"|"49639257"
0|3|6||75|162|250||||"29203739"|"49639258"
0|4|8||2|4|5||||"29203740"|"49639259"
21|27|32||5|40|75||||"29203740"|"49639260"
3|7|11||75|162|250||||"29203740"|"49639261"
0|2|3||250|625|1000||||"29203740"|"49639262"
0|5|9||2|4|5||||"29203741"|"49639263"
9|15|21||5|40|75||||"29203741"|"49639264"
14|20|25||75|162|250||||"29203741"|"49639265"
0|3|6||250|625|1000||||"29203741"|"49639266"
0|5|9||2|4|5||||"29203742"|"49639267"
9|15|21||5|40|75||||"29203742"|"49639268"
14|20|25||75|162|250||||"29203742"|"49639269"
0|3|6||250|625|1000||||"29203742"|"49639270"
0|9|18||2|4|5||||"29203743"|"49639271"
9|21|33||5|40|75||||"29203743"|"49639272"
6|16|25||75|162|250||||"29203743"|"49639273"
0|3|6||250|625|1000||||"29203743"|"49639274"
0|6|11||2|4|5||||"29203744"|"49639275"
13|24|34||5|40|75||||"29203744"|"49639276"
11|20|28||75|162|250||||"29203744"|"49639277"
0|3|6||250|625|1000||||"29203744"|"49639278"
0|4|8||2|4|5||||"29203745"|"49639279"
21|27|32||5|40|75||||"29203745"|"49639280"
3|7|11||75|162|250||||"29203745"|"49639281"
0|2|3||250|625|1000||||"29203745"|"49639282"
0|5|9||2|4|5||||"29203746"|"49639283"
9|15|21||5|40|75||||"29203746"|"49639284"
14|20|25||75|162|250||||"29203746"|"49639285"
0|3|6||250|625|1000||||"29203746"|"49639286"
0|5|9||2|4|5||||"29203747"|"49639287"
9|15|21||5|40|75||||"29203747"|"49639288"
14|20|25||75|162|250||||"29203747"|"49639289"
0|3|6||250|625|1000||||"29203747"|"49639290"
0|9|18||2|4|5||||"29203748"|"49639291"
9|21|33||5|40|75||||"29203748"|"49639292"
6|16|25||75|162|250||||"29203748"|"49639293"
0|3|6||250|625|1000||||"29203748"|"49639294"
0|6|11||2|4|5||||"29203749"|"49639295"
13|24|34||5|40|75||||"29203749"|"49639296"
11|20|28||75|162|250||||"29203749"|"49639297"
0|3|6||250|625|1000||||"29203749"|"49639298"
0|7|14||2|4|5||||"29203750"|"49639299"
10|17|23||5|40|75||||"29203750"|"49639300"
0|3|6||75|162|250||||"29203750"|"49639301"
0|7|14||2|4|5||||"29203751"|"49639302"
10|17|23||5|40|75||||"29203751"|"49639303"
0|3|6||75|162|250||||"29203751"|"49639304"
0|7|14||2|4|5||||"29203752"|"49639305"
13|20|26||5|40|75||||"29203752"|"49639306"
0|3|6||75|162|250||||"29203752"|"49639307"
0|7|14||2|4|5||||"29203753"|"49639308"
13|20|26||5|40|75||||"29203753"|"49639309"
0|3|6||75|162|250||||"29203753"|"49639310"
0|7|14||2|4|5||||"29203754"|"49639311"
13|20|26||5|40|75||||"29203754"|"49639312"
0|3|6||75|162|250||||"29203754"|"49639313"
0|7|14||2|4|5||||"29203755"|"49639314"
15|22|28||5|40|75||||"29203755"|"49639315"
0|3|6||75|162|250||||"29203755"|"49639316"
0|5|9||2|4|5||||"29203756"|"49639317"
3|6|9||5|40|75||||"29203756"|"49639318"
0|2|3||75|162|250||||"29203756"|"49639319"
0|5|9||2|4|5||||"29203757"|"49639320"
3|6|9||5|40|75||||"29203757"|"49639321"
0|2|3||75|162|250||||"29203757"|"49639322"
0|5|9||2|4|5||||"29203758"|"49639323"
3|6|9||5|40|75||||"29203758"|"49639324"
0|3|6||75|162|250||||"29203758"|"49639325"
0|5|9||2|4|5||||"29203759"|"49639326"
3|6|9||5|40|75||||"29203759"|"49639327"
0|3|6||75|162|250||||"29203759"|"49639328"
0|5|9||2|4|5||||"29203760"|"49639329"
3|6|9||5|40|75||||"29203760"|"49639330"
0|3|6||75|162|250||||"29203760"|"49639331"
0|5|9||2|4|5||||"29203761"|"49639332"
3|6|9||5|40|75||||"29203761"|"49639333"
0|3|6||75|162|250||||"29203761"|"49639334"
0|7|14||2|4|5||||"29203762"|"49639335"
10|17|23||5|40|75||||"29203762"|"49639336"
0|3|6||75|162|250||||"29203762"|"49639337"
0|7|14||2|4|5||||"29203763"|"49639338"
10|17|23||5|40|75||||"29203763"|"49639339"
0|3|6||75|162|250||||"29203763"|"49639340"
0|7|14||2|4|5||||"29203764"|"49639341"
13|20|26||5|40|75||||"29203764"|"49639342"
0|3|6||75|162|250||||"29203764"|"49639343"
0|7|14||2|4|5||||"29203765"|"49639344"
13|20|26||5|40|75||||"29203765"|"49639345"
0|3|6||75|162|250||||"29203765"|"49639346"
0|7|14||2|4|5||||"29203766"|"49639347"
13|20|26||5|40|75||||"29203766"|"49639348"
0|3|6||75|162|250||||"29203766"|"49639349"
0|7|14||2|4|5||||"29203767"|"49639350"
15|22|28||5|40|75||||"29203767"|"49639351"
0|3|6||75|162|250||||"29203767"|"49639352"
0|4|8||2|4|5||||"29203768"|"49639353"
21|27|32||5|40|75||||"29203768"|"49639354"
3|7|11||75|162|250||||"29203768"|"49639355"
0|2|3||250|625|1000||||"29203768"|"49639356"
0|5|9||2|4|5||||"29203769"|"49639357"
9|15|21||5|40|75||||"29203769"|"49639358"
14|20|25||75|162|250||||"29203769"|"49639359"
0|3|6||250|625|1000||||"29203769"|"49639360"
0|5|9||2|4|5||||"29203770"|"49639361"
9|15|21||5|40|75||||"29203770"|"49639362"
14|20|25||75|162|250||||"29203770"|"49639363"
0|3|6||250|625|1000||||"29203770"|"49639364"
0|9|18||2|4|5||||"29203771"|"49639365"
9|21|33||5|40|75||||"29203771"|"49639366"
6|16|25||75|162|250||||"29203771"|"49639367"
0|3|6||250|625|1000||||"29203771"|"49639368"
0|6|11||2|4|5||||"29203772"|"49639369"
13|24|34||5|40|75||||"29203772"|"49639370"
11|20|28||75|162|250||||"29203772"|"49639371"
0|3|6||250|625|1000||||"29203772"|"49639372"
0|3|6||2|4|5||||"29203779"|"49639373"
0|3|6||2|4|5||||"29203780"|"49639374"
0|3|6||2|4|5||||"29203781"|"49639375"
0|3|6||2|4|5||||"29203782"|"49639376"
0|3|6||2|4|5||||"29203783"|"49639377"
0|3|6||2|4|5||||"29203784"|"49639378"
0|3|6||2|4|5||||"29203785"|"49639379"
0|3|6||2|4|5||||"29203786"|"49639380"
0|3|6||2|4|5||||"29203787"|"49639381"
0|3|6||2|4|5||||"29203788"|"49639382"
0|3|6||2|4|5||||"29203789"|"49639383"
0|3|6||2|4|5||||"29203790"|"49639384"
0|3|6||2|4|5||||"29203797"|"49639385"
0|3|6||2|4|5||||"29203798"|"49639386"
0|3|6||2|4|5||||"29203799"|"49639387"
0|3|6||2|4|5||||"29203800"|"49639388"
0|3|6||2|4|5||||"29203801"|"49639389"
0|3|6||2|4|5||||"29203802"|"49639390"
0|6|11||2|4|5||||"29203809"|"49639391"
0|5|9||5|40|75||||"29203809"|"49639392"
0|6|11||2|4|5||||"29203810"|"49639393"
0|5|9||5|40|75||||"29203810"|"49639394"
0|6|11||2|4|5||||"29203811"|"49639395"
0|5|9||5|40|75||||"29203811"|"49639396"
0|6|11||2|4|5||||"29203812"|"49639397"
0|5|9||5|40|75||||"29203812"|"49639398"
0|6|11||2|4|5||||"29203813"|"49639399"
8|15|21||5|40|75||||"29203813"|"49639400"
14|20|25||75|162|250||||"29203813"|"49639401"
0|3|6||250|625|1000||||"29203813"|"49639402"
0|5|10||2|4|5||||"29203814"|"49639403"
17|24|31||5|40|75||||"29203814"|"49639404"
6|9|11||75|162|250||||"29203814"|"49639405"
0|5|9||250|625|1000||||"29203814"|"49639406"
0|5|9||2|4|5||||"29203815"|"49639407"
8|18|28||5|40|75||||"29203815"|"49639408"
20|26|31||75|162|250||||"29203815"|"49639409"
0|6|11||250|625|1000||||"29203815"|"49639410"
0|5|9||2|4|5||||"29203817"|"49639411"
17|22|26||5|40|75||||"29203817"|"49639412"
0|3|6||75|162|250||||"29203817"|"49639413"
0|2|3||250|625|1000||||"29203817"|"49639414"
0|7|13||2|4|5||||"29203818"|"49639415"
19|27|35||5|40|75||||"29203818"|"49639416"
3|7|11||75|162|250||||"29203818"|"49639417"
0|2|3||250|625|1000||||"29203818"|"49639418"
0|7|13||2|4|5||||"29203819"|"49639419"
19|27|35||5|40|75||||"29203819"|"49639420"
3|7|11||75|162|250||||"29203819"|"49639421"
0|2|3||250|625|1000||||"29203819"|"49639422"
0|4|8||2|4|5||||"29203820"|"49639423"
26|32|38||5|40|75||||"29203820"|"49639424"
6|9|11||75|162|250||||"29203820"|"49639425"
0|3|6||250|625|1000||||"29203820"|"49639426"
0|5|9||2|4|5||||"29203821"|"49639427"
17|22|26||5|40|75||||"29203821"|"49639428"
0|3|6||75|162|250||||"29203821"|"49639429"
0|2|3||250|625|1000||||"29203821"|"49639430"
0|5|9||2|4|5||||"29203822"|"49639431"
9|16|23||5|40|75||||"29203822"|"49639432"
14|21|28||75|162|250||||"29203822"|"49639433"
0|3|6||250|625|1000||||"29203822"|"49639434"
0|5|9||2|4|5||||"29203823"|"49639435"
9|16|23||5|40|75||||"29203823"|"49639436"
14|21|28||75|162|250||||"29203823"|"49639437"
0|3|6||250|625|1000||||"29203823"|"49639438"
0|7|14||2|4|5||||"29203825"|"49639439"
12|19|26||5|40|75||||"29203825"|"49639440"
0|3|6||75|162|250||||"29203825"|"49639441"
0|2|3||250|625|1000||||"29203825"|"49639442"
0|6|11||2|4|5||||"29203826"|"49639443"
9|19|28||5|40|75||||"29203826"|"49639444"
14|21|28||75|162|250||||"29203826"|"49639445"
0|5|9||250|625|1000||||"29203826"|"49639446"
0|6|11||2|4|5||||"29203827"|"49639447"
9|19|28||5|40|75||||"29203827"|"49639448"
14|21|28||75|162|250||||"29203827"|"49639449"
0|5|9||250|625|1000||||"29203827"|"49639450"
0|6|11||2|4|5||||"29203829"|"49639451"
9|19|28||5|40|75||||"29203829"|"49639452"
14|21|28||75|162|250||||"29203829"|"49639453"
0|5|9||250|625|1000||||"29203829"|"49639454"
0|7|13||2|4|5||||"29203830"|"49639455"
20|29|38||5|40|75||||"29203830"|"49639456"
6|10|14||75|162|250||||"29203830"|"49639457"
0|3|6||250|625|1000||||"29203830"|"49639458"
0|6|11||2|4|5||||"29203831"|"49639459"
11|17|23||5|40|75||||"29203831"|"49639460"
14|20|25||75|162|250||||"29203831"|"49639461"
0|7|13||2|4|5||||"29203832"|"49639462"
19|27|35||5|40|75||||"29203832"|"49639463"
3|7|11||75|162|250||||"29203832"|"49639464"
0|2|3||250|625|1000||||"29203832"|"49639465"
0|7|13||2|4|5||||"29203833"|"49639466"
19|27|35||5|40|75||||"29203833"|"49639467"
3|7|11||75|162|250||||"29203833"|"49639468"
0|2|3||250|625|1000||||"29203833"|"49639469"
0|7|13||2|4|5||||"29203834"|"49639470"
20|29|38||5|40|75||||"29203834"|"49639471"
6|10|14||75|162|250||||"29203834"|"49639472"
0|3|6||250|625|1000||||"29203834"|"49639473"
0|7|13||2|4|5||||"29203835"|"49639474"
20|29|38||5|40|75||||"29203835"|"49639475"
6|10|14||75|162|250||||"29203835"|"49639476"
0|3|6||250|625|1000||||"29203835"|"49639477"
0|6|11||2|4|5||||"29203836"|"49639478"
8|17|25||5|40|75||||"29203836"|"49639479"
11|20|28||75|162|250||||"29203836"|"49639480"
0|3|6||250|625|1000||||"29203836"|"49639481"
0|5|9||2|4|5||||"29203837"|"49639482"
9|19|28||5|40|75||||"29203837"|"49639483"
20|26|31||75|162|250||||"29203837"|"49639484"
0|5|9||250|625|1000||||"29203837"|"49639485"
0|5|9||2|4|5||||"29203838"|"49639486"
7|18|29||5|40|75||||"29203838"|"49639487"
23|29|34||75|162|250||||"29203838"|"49639488"
0|6|11||250|625|1000||||"29203838"|"49639489"
0|6|11||2|4|5||||"29203840"|"49639490"
11|17|23||5|40|75||||"29203840"|"49639491"
14|20|25||75|162|250||||"29203840"|"49639492"
0|7|13||2|4|5||||"29203841"|"49639493"
19|27|35||5|40|75||||"29203841"|"49639494"
3|7|11||75|162|250||||"29203841"|"49639495"
0|2|3||250|625|1000||||"29203841"|"49639496"
0|7|13||2|4|5||||"29203842"|"49639497"
19|27|35||5|40|75||||"29203842"|"49639498"
3|7|11||75|162|250||||"29203842"|"49639499"
0|2|3||250|625|1000||||"29203842"|"49639500"
0|7|13||2|4|5||||"29203843"|"49639501"
20|29|38||5|40|75||||"29203843"|"49639502"
6|10|14||75|162|250||||"29203843"|"49639503"
0|3|6||250|625|1000||||"29203843"|"49639504"
0|7|13||2|4|5||||"29203844"|"49639505"
20|29|38||5|40|75||||"29203844"|"49639506"
6|10|14||75|162|250||||"29203844"|"49639507"
0|3|6||250|625|1000||||"29203844"|"49639508"
0|7|13||2|4|5||||"29203845"|"49639509"
20|29|38||5|40|75||||"29203845"|"49639510"
6|10|14||75|162|250||||"29203845"|"49639511"
0|3|6||250|625|1000||||"29203845"|"49639512"
0|5|10||2|4|5||||"29203846"|"49639513"
8|15|22||5|40|75||||"29203846"|"49639514"
17|23|28||75|162|250||||"29203846"|"49639515"
0|3|6||250|625|1000||||"29203846"|"49639516"
0|5|10||2|4|5||||"29203847"|"49639517"
8|15|22||5|40|75||||"29203847"|"49639518"
17|23|28||75|162|250||||"29203847"|"49639519"
0|3|6||250|625|1000||||"29203847"|"49639520"
0|5|10||2|4|5||||"29203848"|"49639521"
9|18|26||5|40|75||||"29203848"|"49639522"
17|23|28||75|162|250||||"29203848"|"49639523"
0|5|9||250|625|1000||||"29203848"|"49639524"
0|5|9||2|4|5||||"29203849"|"49639525"
6|16|26||5|40|75||||"29203849"|"49639526"
17|23|28||75|162|250||||"29203849"|"49639527"
6|12|17||250|625|1000||||"29203849"|"49639528"
0|5|9||2|4|5||||"29203851"|"49639529"
0|5|9||5|40|75||||"29203851"|"49639530"
0|3|6||75|162|250||||"29203851"|"49639531"
0|7|14||2|4|5||||"29203852"|"49639532"
10|17|23||5|40|75||||"29203852"|"49639533"
0|3|6||75|162|250||||"29203852"|"49639534"
0|7|14||2|4|5||||"29203853"|"49639535"
10|17|23||5|40|75||||"29203853"|"49639536"
0|3|6||75|162|250||||"29203853"|"49639537"
0|7|13||2|4|5||||"29203854"|"49639538"
20|28|35||5|40|75||||"29203854"|"49639539"
3|7|11||75|162|250||||"29203854"|"49639540"
0|7|13||2|4|5||||"29203855"|"49639541"
22|30|38||5|40|75||||"29203855"|"49639542"
6|10|14||75|162|250||||"29203855"|"49639543"
0|2|3||250|625|1000||||"29203855"|"49639544"
0|4|8||2|4|5||||"29203856"|"49639545"
21|27|32||5|40|75||||"29203856"|"49639546"
3|7|11||75|162|250||||"29203856"|"49639547"
0|2|3||250|625|1000||||"29203856"|"49639548"
0|5|9||2|4|5||||"29203857"|"49639549"
9|15|21||5|40|75||||"29203857"|"49639550"
14|20|25||75|162|250||||"29203857"|"49639551"
0|3|6||250|625|1000||||"29203857"|"49639552"
0|5|9||2|4|5||||"29203858"|"49639553"
9|15|21||5|40|75||||"29203858"|"49639554"
14|20|25||75|162|250||||"29203858"|"49639555"
0|3|6||250|625|1000||||"29203858"|"49639556"
0|9|18||2|4|5||||"29203859"|"49639557"
9|21|33||5|40|75||||"29203859"|"49639558"
6|16|25||75|162|250||||"29203859"|"49639559"
0|3|6||250|625|1000||||"29203859"|"49639560"
0|6|11||2|4|5||||"29203860"|"49639561"
13|24|34||5|40|75||||"29203860"|"49639562"
11|20|28||75|162|250||||"29203860"|"49639563"
0|3|6||250|625|1000||||"29203860"|"49639564"
0|7|14||2|4|5||||"29203861"|"49639565"
10|17|23||5|40|75||||"29203861"|"49639566"
0|3|6||75|162|250||||"29203861"|"49639567"
0|7|14||2|4|5||||"29203862"|"49639568"
10|17|23||5|40|75||||"29203862"|"49639569"
0|3|6||75|162|250||||"29203862"|"49639570"
0|7|14||2|4|5||||"29203863"|"49639571"
13|20|26||5|40|75||||"29203863"|"49639572"
0|3|6||75|162|250||||"29203863"|"49639573"
0|7|14||2|4|5||||"29203864"|"49639574"
13|20|26||5|40|75||||"29203864"|"49639575"
0|3|6||75|162|250||||"29203864"|"49639576"
0|7|14||2|4|5||||"29203865"|"49639577"
13|20|26||5|40|75||||"29203865"|"49639578"
0|3|6||75|162|250||||"29203865"|"49639579"
0|7|14||2|4|5||||"29203866"|"49639580"
15|22|28||5|40|75||||"29203866"|"49639581"
0|3|6||75|162|250||||"29203866"|"49639582"
0|5|9||2|4|5||||"29203867"|"49639583"
0|5|9||5|40|75||||"29203867"|"49639584"
0|3|6||75|162|250||||"29203867"|"49639585"
0|7|14||2|4|5||||"29203868"|"49639586"
10|17|23||5|40|75||||"29203868"|"49639587"
0|3|6||75|162|250||||"29203868"|"49639588"
0|7|14||2|4|5||||"29203869"|"49639589"
10|17|23||5|40|75||||"29203869"|"49639590"
0|3|6||75|162|250||||"29203869"|"49639591"
0|7|13||2|4|5||||"29203870"|"49639592"
20|28|35||5|40|75||||"29203870"|"49639593"
3|7|11||75|162|250||||"29203870"|"49639594"
0|7|13||2|4|5||||"29203871"|"49639595"
22|30|38||5|40|75||||"29203871"|"49639596"
6|10|14||75|162|250||||"29203871"|"49639597"
0|2|3||250|625|1000||||"29203871"|"49639598"
0|6|11||2|4|5||||"29203872"|"49639599"
8|17|25||5|40|75||||"29203872"|"49639600"
11|20|28||75|162|250||||"29203872"|"49639601"
0|3|6||250|625|1000||||"29203872"|"49639602"
0|5|9||2|4|5||||"29203873"|"49639603"
9|19|28||5|40|75||||"29203873"|"49639604"
20|26|31||75|162|250||||"29203873"|"49639605"
0|5|9||250|625|1000||||"29203873"|"49639606"
0|5|9||2|4|5||||"29203874"|"49639607"
7|18|29||5|40|75||||"29203874"|"49639608"
23|29|34||75|162|250||||"29203874"|"49639609"
0|6|11||250|625|1000||||"29203874"|"49639610"
0|5|9||2|4|5||||"29203876"|"49639611"
6|10|14||5|40|75||||"29203876"|"49639612"
11|14|17||75|162|250||||"29203876"|"49639613"
0|2|3||250|625|1000||||"29203876"|"49639614"
0|7|14||2|4|5||||"29203877"|"49639615"
10|17|23||5|40|75||||"29203877"|"49639616"
0|3|6||75|162|250||||"29203877"|"49639617"
0|7|14||2|4|5||||"29203878"|"49639618"
10|17|23||5|40|75||||"29203878"|"49639619"
0|3|6||75|162|250||||"29203878"|"49639620"
0|7|13||2|4|5||||"29203879"|"49639621"
20|28|35||5|40|75||||"29203879"|"49639622"
3|7|11||75|162|250||||"29203879"|"49639623"
0|7|13||2|4|5||||"29203880"|"49639624"
22|30|38||5|40|75||||"29203880"|"49639625"
6|10|14||75|162|250||||"29203880"|"49639626"
0|2|3||250|625|1000||||"29203880"|"49639627"
0|5|9||2|4|5||||"29203881"|"49639628"
0|5|9||5|40|75||||"29203881"|"49639629"
0|3|6||75|162|250||||"29203881"|"49639630"
0|7|14||2|4|5||||"29203882"|"49639631"
10|17|23||5|40|75||||"29203882"|"49639632"
0|3|6||75|162|250||||"29203882"|"49639633"
0|7|14||2|4|5||||"29203883"|"49639634"
10|17|23||5|40|75||||"29203883"|"49639635"
0|3|6||75|162|250||||"29203883"|"49639636"
0|7|13||2|4|5||||"29203884"|"49639637"
20|28|35||5|40|75||||"29203884"|"49639638"
3|7|11||75|162|250||||"29203884"|"49639639"
0|7|13||2|4|5||||"29203885"|"49639640"
22|30|38||5|40|75||||"29203885"|"49639641"
6|10|14||75|162|250||||"29203885"|"49639642"
0|2|3||250|625|1000||||"29203885"|"49639643"
0|6|11||2|4|5||||"29203886"|"49639644"
8|17|25||5|40|75||||"29203886"|"49639645"
11|20|28||75|162|250||||"29203886"|"49639646"
0|3|6||250|625|1000||||"29203886"|"49639647"
0|5|9||2|4|5||||"29203887"|"49639648"
9|19|28||5|40|75||||"29203887"|"49639649"
20|26|31||75|162|250||||"29203887"|"49639650"
0|5|9||250|625|1000||||"29203887"|"49639651"
0|5|9||2|4|5||||"29203888"|"49639652"
7|18|29||5|40|75||||"29203888"|"49639653"
23|29|34||75|162|250||||"29203888"|"49639654"
0|6|11||250|625|1000||||"29203888"|"49639655"
0|5|9||2|4|5||||"29203890"|"49639656"
7|12|16||5|40|75||||"29203890"|"49639657"
6|9|11||75|162|250||||"29203890"|"49639658"
6|9|11||250|625|1000||||"29203890"|"49639659"
0|6|11||2|4|5||||"29203891"|"49639660"
0|3|6||5|40|75||||"29203891"|"49639661"
0|3|6||75|162|250||||"29203891"|"49639662"
0|2|3||250|625|1000||||"29203891"|"49639663"
0|5|10||2|4|5||||"29203892"|"49639664"
5|10|14||5|40|75||||"29203892"|"49639665"
9|13|17||75|162|250||||"29203892"|"49639666"
0|3|6||250|625|1000||||"29203892"|"49639667"
0|6|11||2|4|5||||"29203893"|"49639668"
9|15|21||5|40|75||||"29203893"|"49639669"
14|19|23||75|162|250||||"29203893"|"49639670"
0|3|6||250|625|1000||||"29203893"|"49639671"
0|6|11||2|4|5||||"29203894"|"49639672"
9|15|21||5|40|75||||"29203894"|"49639673"
14|19|23||75|162|250||||"29203894"|"49639674"
0|3|6||250|625|1000||||"29203894"|"49639675"
0|3|6||250|625|1000||||"29203895"|"49639676"
0|6|11||2|4|5||||"29203895"|"49639677"
9|15|21||5|40|75||||"29203895"|"49639678"
14|19|23||75|162|250||||"29203895"|"49639679"
0|6|11||2|4|5||||"29203896"|"49639680"
9|15|21||5|40|75||||"29203896"|"49639681"
14|19|23||75|162|250||||"29203896"|"49639682"
0|3|6||250|625|1000||||"29203896"|"49639683"
0|6|11||2|4|5||||"29203897"|"49639684"
0|3|9||5|40|75||||"29203897"|"49639685"
0|2|6||75|162|250||||"29203897"|"49639686"
0|1|3||250|625|1000||||"29203897"|"49639687"
0|6|11||2|4|5||||"29203898"|"49639688"
0|3|6||5|40|75||||"29203898"|"49639689"
0|3|6||75|162|250||||"29203898"|"49639690"
0|2|3||250|625|1000||||"29203898"|"49639691"
0|5|10||2|4|5||||"29203899"|"49639692"
5|10|14||5|40|75||||"29203899"|"49639693"
9|13|17||75|162|250||||"29203899"|"49639694"
0|3|6||250|625|1000||||"29203899"|"49639695"
0|6|11||2|4|5||||"29203900"|"49639696"
9|15|21||5|40|75||||"29203900"|"49639697"
14|19|23||75|162|250||||"29203900"|"49639698"
0|3|6||250|625|1000||||"29203900"|"49639699"
0|6|11||2|4|5||||"29203901"|"49639700"
9|15|21||5|40|75||||"29203901"|"49639701"
14|19|23||75|162|250||||"29203901"|"49639702"
0|3|6||250|625|1000||||"29203901"|"49639703"
0|5|9||2|4|5||||"29203902"|"49639704"
6|10|14||5|40|75||||"29203902"|"49639705"
11|14|17||75|162|250||||"29203902"|"49639706"
0|2|3||250|625|1000||||"29203902"|"49639707"
0|7|14||2|4|5||||"29203903"|"49639708"
10|17|23||5|40|75||||"29203903"|"49639709"
0|3|6||75|162|250||||"29203903"|"49639710"
0|7|14||2|4|5||||"29203904"|"49639711"
10|17|23||5|40|75||||"29203904"|"49639712"
0|3|6||75|162|250||||"29203904"|"49639713"
0|7|13||2|4|5||||"29203905"|"49639714"
20|28|35||5|40|75||||"29203905"|"49639715"
3|7|11||75|162|250||||"29203905"|"49639716"
0|7|13||2|4|5||||"29203906"|"49639717"
22|30|38||5|40|75||||"29203906"|"49639718"
6|10|14||75|162|250||||"29203906"|"49639719"
0|2|3||250|625|1000||||"29203906"|"49639720"
0|6|11||2|4|5||||"29203907"|"49639721"
0|3|9||5|40|75||||"29203907"|"49639722"
0|2|6||75|162|250||||"29203907"|"49639723"
0|1|3||250|625|1000||||"29203907"|"49639724"
0|6|11||2|4|5||||"29203908"|"49639725"
0|3|6||5|40|75||||"29203908"|"49639726"
0|3|6||75|162|250||||"29203908"|"49639727"
0|2|3||250|625|1000||||"29203908"|"49639728"
0|5|10||2|4|5||||"29203909"|"49639729"
5|10|14||5|40|75||||"29203909"|"49639730"
9|13|17||75|162|250||||"29203909"|"49639731"
0|3|6||250|625|1000||||"29203909"|"49639732"
0|6|11||2|4|5||||"29203910"|"49639733"
9|15|21||5|40|75||||"29203910"|"49639734"
14|19|23||75|162|250||||"29203910"|"49639735"
0|3|6||250|625|1000||||"29203910"|"49639736"
0|6|11||2|4|5||||"29203911"|"49639737"
9|15|21||5|40|75||||"29203911"|"49639738"
14|19|23||75|162|250||||"29203911"|"49639739"
0|3|6||250|625|1000||||"29203911"|"49639740"
0|6|11||2|4|5||||"29203912"|"49639741"
9|15|21||5|40|75||||"29203912"|"49639742"
14|19|23||75|162|250||||"29203912"|"49639743"
0|3|6||250|625|1000||||"29203912"|"49639744"
0|5|9||2|4|5||||"29203913"|"49639745"
7|12|16||5|40|75||||"29203913"|"49639746"
6|9|11||75|162|250||||"29203913"|"49639747"
6|9|11||250|625|1000||||"29203913"|"49639748"
0|6|11||2|4|5||||"29203914"|"49639749"
0|3|6||5|40|75||||"29203914"|"49639750"
0|3|6||75|162|250||||"29203914"|"49639751"
0|2|3||250|625|1000||||"29203914"|"49639752"
0|5|10||2|4|5||||"29203915"|"49639753"
5|10|14||5|40|75||||"29203915"|"49639754"
9|13|17||75|162|250||||"29203915"|"49639755"
0|3|6||250|625|1000||||"29203915"|"49639756"
0|6|11||2|4|5||||"29203916"|"49639757"
9|15|21||5|40|75||||"29203916"|"49639758"
14|19|23||75|162|250||||"29203916"|"49639759"
0|3|6||250|625|1000||||"29203916"|"49639760"
0|6|11||2|4|5||||"29203917"|"49639761"
9|15|21||5|40|75||||"29203917"|"49639762"
14|19|23||75|162|250||||"29203917"|"49639763"
0|3|6||250|625|1000||||"29203917"|"49639764"
0|6|11||2|4|5||||"29203918"|"49639765"
9|15|21||5|40|75||||"29203918"|"49639766"
14|19|23||75|162|250||||"29203918"|"49639767"
0|3|6||250|625|1000||||"29203918"|"49639768"
0|6|11||2|4|5||||"29203919"|"49639769"
6|15|23||5|40|75||||"29203919"|"49639770"
9|16|23||75|162|250||||"29203919"|"49639771"
6|12|17||250|625|1000||||"29203919"|"49639772"
0|5|10||2|4|5||||"29203920"|"49639773"
8|15|22||5|40|75||||"29203920"|"49639774"
17|23|28||75|162|250||||"29203920"|"49639775"
0|3|6||250|625|1000||||"29203920"|"49639776"
0|5|10||2|4|5||||"29203921"|"49639777"
9|18|26||5|40|75||||"29203921"|"49639778"
17|23|28||75|162|250||||"29203921"|"49639779"
0|5|9||250|625|1000||||"29203921"|"49639780"
0|5|9||2|4|5||||"29203922"|"49639781"
6|16|26||5|40|75||||"29203922"|"49639782"
17|23|28||75|162|250||||"29203922"|"49639783"
6|12|17||250|625|1000||||"29203922"|"49639784"
0|6|11||2|4|5||||"29203925"|"49639785"
6|15|23||5|40|75||||"29203925"|"49639786"
9|16|23||75|162|250||||"29203925"|"49639787"
6|12|17||250|625|1000||||"29203925"|"49639788"
0|5|10||2|4|5||||"29203926"|"49639789"
8|15|22||5|40|75||||"29203926"|"49639790"
17|23|28||75|162|250||||"29203926"|"49639791"
0|3|6||250|625|1000||||"29203926"|"49639792"
0|5|10||2|4|5||||"29203927"|"49639793"
9|18|26||5|40|75||||"29203927"|"49639794"
17|23|28||75|162|250||||"29203927"|"49639795"
0|5|9||250|625|1000||||"29203927"|"49639796"
0|5|9||2|4|5||||"29203928"|"49639797"
6|16|26||5|40|75||||"29203928"|"49639798"
17|23|28||75|162|250||||"29203928"|"49639799"
6|12|17||250|625|1000||||"29203928"|"49639800"
0|6|11||2|4|5||||"29203929"|"49639801"
9|16|23||5|40|75||||"29203929"|"49639802"
14|20|25||75|162|250||||"29203929"|"49639803"
0|3|6||250|625|1000||||"29203929"|"49639804"
0|6|11||2|4|5||||"29203930"|"49639805"
9|16|23||5|40|75||||"29203930"|"49639806"
14|20|25||75|162|250||||"29203930"|"49639807"
0|3|6||250|625|1000||||"29203930"|"49639808"
0|6|11||2|4|5||||"29203931"|"49639809"
9|16|23||5|40|75||||"29203931"|"49639810"
14|20|25||75|162|250||||"29203931"|"49639811"
0|3|6||250|625|1000||||"29203931"|"49639812"
0|6|11||2|4|5||||"29203933"|"49639813"
6|15|23||5|40|75||||"29203933"|"49639814"
9|16|23||75|162|250||||"29203933"|"49639815"
6|12|17||250|625|1000||||"29203933"|"49639816"
0|5|10||2|4|5||||"29203934"|"49639817"
8|15|22||5|40|75||||"29203934"|"49639818"
17|23|28||75|162|250||||"29203934"|"49639819"
0|3|6||250|625|1000||||"29203934"|"49639820"
0|5|10||2|4|5||||"29203935"|"49639821"
9|18|26||5|40|75||||"29203935"|"49639822"
17|23|28||75|162|250||||"29203935"|"49639823"
0|5|9||250|625|1000||||"29203935"|"49639824"
0|5|9||2|4|5||||"29203936"|"49639825"
6|16|26||5|40|75||||"29203936"|"49639826"
17|23|28||75|162|250||||"29203936"|"49639827"
6|12|17||250|625|1000||||"29203936"|"49639828"
0|6|11||2|4|5||||"29203938"|"49639829"
0|3|6||5|40|75||||"29203938"|"49639830"
0|2|3||75|162|250||||"29203938"|"49639831"
0|9|17||2|4|5||||"29203939"|"49639832"
10|18|26||5|40|75||||"29203939"|"49639833"
0|3|6||75|162|250||||"29203939"|"49639834"
0|9|17||2|4|5||||"29203940"|"49639835"
10|18|26||5|40|75||||"29203940"|"49639836"
0|3|6||75|162|250||||"29203940"|"49639837"
0|9|17||2|4|5||||"29203941"|"49639838"
10|18|26||5|40|75||||"29203941"|"49639839"
0|3|6||75|162|250||||"29203941"|"49639840"
0|9|17||2|4|5||||"29203943"|"49639841"
10|18|26||5|40|75||||"29203943"|"49639842"
0|3|6||75|162|250||||"29203943"|"49639843"
0|4|8||2|4|5||||"29203973"|"49639844"
21|27|32||5|40|75||||"29203973"|"49639845"
3|7|11||75|162|250||||"29203973"|"49639846"
0|2|3||250|625|1000||||"29203973"|"49639847"
0|2|3||2|4|5||||"29203974"|"49639848"
0|2|3||2|4|5||||"29203975"|"49639849"
0|2|3||2|4|5||||"29203976"|"49639850"
0|2|3||2|4|5||||"29203977"|"49639851"
0|2|3||2|4|5||||"29203978"|"49639852"
0|3|6||2|4|5||||"29203979"|"49639853"
0|2|3||2|4|5||||"29203980"|"49639854"
0|2|3||2|4|5||||"29203981"|"49639855"
0|2|3||2|4|5||||"29203982"|"49639856"
0|2|3||2|4|5||||"29203983"|"49639857"
0|2|3||2|4|5||||"29203984"|"49639858"
0|3|6||2|4|5||||"29203985"|"49639859"
0|2|3||2|4|5||||"29203986"|"49639860"
0|2|3||2|4|5||||"29203987"|"49639861"
0|2|3||2|4|5||||"29203988"|"49639862"
0|2|3||2|4|5||||"29203989"|"49639863"
0|2|3||2|4|5||||"29203990"|"49639864"
0|3|6||2|4|5||||"29203991"|"49639865"
0|2|3||2|4|5||||"29203992"|"49639866"
0|2|3||2|4|5||||"29203993"|"49639867"
0|2|3||2|4|5||||"29203994"|"49639868"
0|2|3||2|4|5||||"29203995"|"49639869"
0|2|3||2|4|5||||"29203996"|"49639870"
0|3|6||2|4|5||||"29203997"|"49639871"
0|2|3||2|4|5||||"29203998"|"49639872"
0|2|3||2|4|5||||"29203999"|"49639873"
0|2|3||2|4|5||||"29204000"|"49639874"
0|2|3||2|4|5||||"29204001"|"49639875"
0|2|3||2|4|5||||"29204002"|"49639876"
0|3|6||2|4|5||||"29204003"|"49639877"
0|3|6||2|4|5||||"29204019"|"49639878"
0|7|14||2|4|5||||"29204032"|"49639879"
10|17|23||5|40|75||||"29204032"|"49639880"
0|3|6||75|162|250||||"29204032"|"49639881"
0|7|14||2|4|5||||"29204033"|"49639882"
10|17|23||5|40|75||||"29204033"|"49639883"
0|3|6||75|162|250||||"29204033"|"49639884"
0|5|9||2|4|5||||"29204034"|"49639885"
18|22|26||5|40|75||||"29204034"|"49639886"
0|3|6||75|162|250||||"29204034"|"49639887"
0|7|14||2|4|5||||"29204035"|"49639888"
27|35|43||5|40|75||||"29204035"|"49639889"
0|5|9||75|162|250||||"29204035"|"49639890"
0|7|14||2|4|5||||"29204036"|"49639891"
10|17|23||5|40|75||||"29204036"|"49639892"
0|3|6||75|162|250||||"29204036"|"49639893"
0|6|11||2|4|5||||"29204037"|"49639894"
9|16|23||5|40|75||||"29204037"|"49639895"
14|20|25||75|162|250||||"29204037"|"49639896"
0|3|6||250|625|1000||||"29204037"|"49639897"
0|6|11||2|4|5||||"29204038"|"49639898"
8|16|23||5|40|75||||"29204038"|"49639899"
14|20|25||75|162|250||||"29204038"|"49639900"
0|5|9||250|625|1000||||"29204038"|"49639901"
0|5|9||2|4|5||||"29204039"|"49639902"
8|16|24||5|40|75||||"29204039"|"49639903"
20|26|31||75|162|250||||"29204039"|"49639904"
0|5|9||250|625|1000||||"29204039"|"49639905"
0|4|8||2|4|5||||"29204040"|"49639906"
8|16|23||5|40|75||||"29204040"|"49639907"
25|30|34||75|162|250||||"29204040"|"49639908"
0|5|9||250|625|1000||||"29204040"|"49639909"
0|5|9||2|4|5||||"29204046"|"49639910"
18|22|26||5|40|75||||"29204046"|"49639911"
0|3|6||75|162|250||||"29204046"|"49639912"
0|5|9||2|4|5||||"29204052"|"49639913"
18|22|26||5|40|75||||"29204052"|"49639914"
0|3|6||75|162|250||||"29204052"|"49639915"
0|7|14||2|4|5||||"29204078"|"49639916"
27|35|43||5|40|75||||"29204078"|"49639917"
0|5|9||75|162|250||||"29204078"|"49639918"
0|6|11||2|4|5||||"29204079"|"49639919"
0|5|9||5|40|75||||"29204079"|"49639920"
0|3|6||75|162|250||||"29204079"|"49639921"
0|7|14||2|4|5||||"29204080"|"49639922"
10|17|23||5|40|75||||"29204080"|"49639923"
0|3|6||75|162|250||||"29204080"|"49639924"
0|7|14||2|4|5||||"29204081"|"49639925"
10|17|23||5|40|75||||"29204081"|"49639926"
0|3|6||75|162|250||||"29204081"|"49639927"
0|5|9||2|4|5||||"29204082"|"49639928"
18|22|26||5|40|75||||"29204082"|"49639929"
0|3|6||75|162|250||||"29204082"|"49639930"
0|7|14||2|4|5||||"29204083"|"49639931"
10|17|23||5|40|75||||"29204083"|"49639932"
0|3|6||75|162|250||||"29204083"|"49639933"
0|7|14||2|4|5||||"29204084"|"49639934"
10|17|23||5|40|75||||"29204084"|"49639935"
0|3|6||75|162|250||||"29204084"|"49639936"
0|7|14||2|4|5||||"29204085"|"49639937"
10|17|23||5|40|75||||"29204085"|"49639938"
0|3|6||75|162|250||||"29204085"|"49639939"
0|5|9||2|4|5||||"29204086"|"49639940"
18|22|26||5|40|75||||"29204086"|"49639941"
0|3|6||75|162|250||||"29204086"|"49639942"
0|7|14||2|4|5||||"29204087"|"49639943"
27|35|43||5|40|75||||"29204087"|"49639944"
0|5|9||75|162|250||||"29204087"|"49639945"
0|7|14||2|4|5||||"29204088"|"49639946"
27|35|43||5|40|75||||"29204088"|"49639947"
0|5|9||75|162|250||||"29204088"|"49639948"
0|7|14||2|4|5||||"29204089"|"49639949"
10|17|23||5|40|75||||"29204089"|"49639950"
0|3|6||75|162|250||||"29204089"|"49639951"
0|7|14||2|4|5||||"29204090"|"49639952"
10|17|23||5|40|75||||"29204090"|"49639953"
0|3|6||75|162|250||||"29204090"|"49639954"
0|7|14||2|4|5||||"29204091"|"49639955"
10|17|23||5|40|75||||"29204091"|"49639956"
0|3|6||75|162|250||||"29204091"|"49639957"
0|5|9||2|4|5||||"29204092"|"49639958"
18|22|26||5|40|75||||"29204092"|"49639959"
0|3|6||75|162|250||||"29204092"|"49639960"
0|5|10||2|4|5||||"29204093"|"49639961"
6|10|14||5|40|75||||"29204093"|"49639962"
9|13|17||75|162|250||||"29204093"|"49639963"
0|7|14||2|4|5||||"29204094"|"49639964"
10|17|23||5|40|75||||"29204094"|"49639965"
0|3|6||75|162|250||||"29204094"|"49639966"
0|7|14||2|4|5||||"29204095"|"49639967"
10|17|23||5|40|75||||"29204095"|"49639968"
0|3|6||75|162|250||||"29204095"|"49639969"
0|5|9||2|4|5||||"29204096"|"49639970"
18|22|26||5|40|75||||"29204096"|"49639971"
0|3|6||75|162|250||||"29204096"|"49639972"
0|7|14||2|4|5||||"29204097"|"49639973"
27|35|43||5|40|75||||"29204097"|"49639974"
0|5|9||75|162|250||||"29204097"|"49639975"
0|7|14||2|4|5||||"29204102"|"49639976"
27|35|43||5|40|75||||"29204102"|"49639977"
0|5|9||75|162|250||||"29204102"|"49639978"
0|7|14||2|4|5||||"29204103"|"49639979"
10|17|23||5|40|75||||"29204103"|"49639980"
0|3|6||75|162|250||||"29204103"|"49639981"
0|7|14||2|4|5||||"29204104"|"49639982"
10|17|23||5|40|75||||"29204104"|"49639983"
0|3|6||75|162|250||||"29204104"|"49639984"
0|7|14||2|4|5||||"29204105"|"49639985"
10|17|23||5|40|75||||"29204105"|"49639986"
0|3|6||75|162|250||||"29204105"|"49639987"
0|5|9||2|4|5||||"29204106"|"49639988"
18|22|26||5|40|75||||"29204106"|"49639989"
0|3|6||75|162|250||||"29204106"|"49639990"
0|7|14||2|4|5||||"29204107"|"49639991"
13|20|26||5|40|75||||"29204107"|"49639992"
0|3|6||75|162|250||||"29204107"|"49639993"
0|7|14||2|4|5||||"29204108"|"49639994"
13|20|26||5|40|75||||"29204108"|"49639995"
0|3|6||75|162|250||||"29204108"|"49639996"
0|6|12||2|4|5||||"29204109"|"49639997"
7|16|24||5|40|75||||"29204109"|"49639998"
9|22|34||75|162|250||||"29204109"|"49639999"
0|6|11||2|4|5||||"29204110"|"49640000"
17|23|29||5|40|75||||"29204110"|"49640001"
11|16|20||75|162|250||||"29204110"|"49640002"
0|6|11||2|4|5||||"29204111"|"49640003"
17|23|29||5|40|75||||"29204111"|"49640004"
11|16|20||75|162|250||||"29204111"|"49640005"
0|5|9||2|4|5||||"29204112"|"49640006"
3|6|9||5|40|75||||"29204112"|"49640007"
0|2|3||75|162|250||||"29204112"|"49640008"
0|7|14||2|4|5||||"29204113"|"49640009"
10|17|23||5|40|75||||"29204113"|"49640010"
0|3|6||75|162|250||||"29204113"|"49640011"
0|2|3||250|625|1000||||"29204113"|"49640012"
0|7|14||2|4|5||||"29204114"|"49640013"
20|29|37||5|40|75||||"29204114"|"49640014"
0|5|9||75|162|250||||"29204114"|"49640015"
0|2|3||250|625|1000||||"29204114"|"49640016"
0|7|14||2|4|5||||"29204115"|"49640017"
25|34|43||5|40|75||||"29204115"|"49640018"
0|5|9||75|162|250||||"29204115"|"49640019"
0|2|3||250|625|1000||||"29204115"|"49640020"
0|7|14||2|4|5||||"29204116"|"49640021"
25|34|43||5|40|75||||"29204116"|"49640022"
0|5|9||75|162|250||||"29204116"|"49640023"
0|2|3||250|625|1000||||"29204116"|"49640024"
0|5|9||2|4|5||||"29204117"|"49640025"
3|6|9||5|40|75||||"29204117"|"49640026"
0|2|3||75|162|250||||"29204117"|"49640027"
0|7|14||2|4|5||||"29204118"|"49640028"
10|17|23||5|40|75||||"29204118"|"49640029"
0|3|6||75|162|250||||"29204118"|"49640030"
0|2|3||250|625|1000||||"29204118"|"49640031"
0|7|14||2|4|5||||"29204119"|"49640032"
20|29|37||5|40|75||||"29204119"|"49640033"
0|5|9||75|162|250||||"29204119"|"49640034"
0|2|3||250|625|1000||||"29204119"|"49640035"
0|7|14||2|4|5||||"29204120"|"49640036"
25|34|43||5|40|75||||"29204120"|"49640037"
0|5|9||75|162|250||||"29204120"|"49640038"
0|2|3||250|625|1000||||"29204120"|"49640039"
0|7|14||2|4|5||||"29204121"|"49640040"
25|34|43||5|40|75||||"29204121"|"49640041"
0|5|9||75|162|250||||"29204121"|"49640042"
0|2|3||250|625|1000||||"29204121"|"49640043"
0|7|14||2|4|5||||"29204122"|"49640044"
10|17|23||5|40|75||||"29204122"|"49640045"
0|3|6||75|162|250||||"29204122"|"49640046"
0|2|3||250|625|1000||||"29204122"|"49640047"
0|7|14||2|4|5||||"29204123"|"49640048"
10|17|23||5|40|75||||"29204123"|"49640049"
0|3|6||75|162|250||||"29204123"|"49640050"
0|2|3||250|625|1000||||"29204123"|"49640051"
0|7|14||2|4|5||||"29204124"|"49640052"
20|29|37||5|40|75||||"29204124"|"49640053"
0|5|9||75|162|250||||"29204124"|"49640054"
0|2|3||250|625|1000||||"29204124"|"49640055"
0|7|14||2|4|5||||"29204125"|"49640056"
25|34|43||5|40|75||||"29204125"|"49640057"
0|5|9||75|162|250||||"29204125"|"49640058"
0|2|3||250|625|1000||||"29204125"|"49640059"
0|7|14||2|4|5||||"29204126"|"49640060"
25|34|43||5|40|75||||"29204126"|"49640061"
0|5|9||75|162|250||||"29204126"|"49640062"
0|2|3||250|625|1000||||"29204126"|"49640063"
0|2|3||2|4|5||||"29204178"|"49640064"
0|2|3||5|40|75||||"29204178"|"49640065"
0|2|3||2|4|5||||"29204183"|"49640066"
0|2|3||5|40|75||||"29204183"|"49640067"
0|2|3||2|4|5||||"29204188"|"49640068"
0|2|3||5|40|75||||"29204188"|"49640069"
0|7|14||2|4|5||||"29204189"|"49640070"
0|6|11||5|40|75||||"29204189"|"49640071"
0|7|14||2|4|5||||"29204190"|"49640072"
8|14|20||5|40|75||||"29204190"|"49640073"
0|3|6||75|162|250||||"29204190"|"49640074"
0|6|11||2|4|5||||"29204192"|"49640075"
0|5|9||5|40|75||||"29204192"|"49640076"
0|6|11||2|4|5||||"29204193"|"49640077"
0|5|9||5|40|75||||"29204193"|"49640078"
0|6|11||2|4|5||||"29204194"|"49640079"
27|32|37||5|40|75||||"29204194"|"49640080"
0|2|3||75|162|250||||"29204194"|"49640081"
0|6|11||2|4|5||||"29204196"|"49640082"
0|5|9||5|40|75||||"29204196"|"49640083"
0|7|14||2|4|5||||"29204197"|"49640084"
10|17|23||5|40|75||||"29204197"|"49640085"
0|3|6||75|162|250||||"29204197"|"49640086"
0|7|14||2|4|5||||"29204198"|"49640087"
10|17|23||5|40|75||||"29204198"|"49640088"
0|3|6||75|162|250||||"29204198"|"49640089"
0|7|14||2|4|5||||"29204199"|"49640090"
10|17|23||5|40|75||||"29204199"|"49640091"
0|3|6||75|162|250||||"29204199"|"49640092"
0|7|14||2|4|5||||"29204200"|"49640093"
10|17|23||5|40|75||||"29204200"|"49640094"
0|3|6||75|162|250||||"29204200"|"49640095"
0|5|9||2|4|5||||"29204201"|"49640096"
3|6|9||5|40|75||||"29204201"|"49640097"
0|3|6||2|4|5||||"29204202"|"49640098"
0|2|3||5|40|75||||"29204202"|"49640099"
0|3|6||2|4|5||||"29204204"|"49640100"
0|2|3||5|40|75||||"29204204"|"49640101"
0|3|6||2|4|5||||"29204205"|"49640102"
0|2|3||5|40|75||||"29204205"|"49640103"
0|3|6||2|4|5||||"29204206"|"49640104"
0|2|3||5|40|75||||"29204206"|"49640105"
0|5|9||2|4|5||||"29204207"|"49640106"
0|3|6||5|40|75||||"29204207"|"49640107"
0|3|6||2|4|5||||"29204208"|"49640108"
0|2|3||5|40|75||||"29204208"|"49640109"
0|3|6||2|4|5||||"29204209"|"49640110"
0|2|3||5|40|75||||"29204209"|"49640111"
0|3|6||2|4|5||||"29204210"|"49640112"
0|2|3||5|40|75||||"29204210"|"49640113"
0|5|9||2|4|5||||"29204211"|"49640114"
0|3|6||5|40|75||||"29204211"|"49640115"
0|6|11||2|4|5||||"29204212"|"49640116"
0|5|9||5|40|75||||"29204212"|"49640117"
0|5|9||2|4|5||||"29204213"|"49640118"
0|3|6||5|40|75||||"29204213"|"49640119"
0|5|9||2|4|5||||"29204214"|"49640120"
0|3|6||5|40|75||||"29204214"|"49640121"
0|3|6||2|4|5||||"29204215"|"49640122"
0|2|3||5|40|75||||"29204215"|"49640123"
0|3|6||2|4|5||||"29204216"|"49640124"
0|2|3||5|40|75||||"29204216"|"49640125"
0|3|6||2|4|5||||"29204217"|"49640126"
0|2|3||5|40|75||||"29204217"|"49640127"
0|5|9||2|4|5||||"29204218"|"49640128"
0|3|6||5|40|75||||"29204218"|"49640129"
0|6|11||2|4|5||||"29204219"|"49640130"
0|5|9||5|40|75||||"29204219"|"49640131"
0|5|9||2|4|5||||"29204220"|"49640132"
3|6|9||5|40|75||||"29204220"|"49640133"
0|6|11||2|4|5||||"29204221"|"49640134"
0|3|6||5|40|75||||"29204221"|"49640135"
0|6|12||2|4|5||||"29204222"|"49640136"
9|17|24||5|40|75||||"29204222"|"49640137"
17|23|28||75|162|250||||"29204222"|"49640138"
0|3|6||250|625|1000||||"29204222"|"49640139"
0|7|14||2|4|5||||"29204223"|"49640140"
25|34|43||5|40|75||||"29204223"|"49640141"
0|5|9||75|162|250||||"29204223"|"49640142"
0|2|3||250|625|1000||||"29204223"|"49640143"
0|5|9||2|4|5||||"29204224"|"49640144"
29|36|43||5|40|75||||"29204224"|"49640145"
0|5|9||75|162|250||||"29204224"|"49640146"
0|2|3||250|625|1000||||"29204224"|"49640147"
0|6|11||2|4|5||||"29204225"|"49640148"
0|3|6||5|40|75||||"29204225"|"49640149"
0|7|14||2|4|5||||"29204226"|"49640150"
13|20|26||5|40|75||||"29204226"|"49640151"
0|2|3||75|162|250||||"29204226"|"49640152"
0|7|14||2|4|5||||"29204227"|"49640153"
23|30|37||5|40|75||||"29204227"|"49640154"
0|3|6||75|162|250||||"29204227"|"49640155"
0|5|9||2|4|5||||"29204228"|"49640156"
3|6|9||5|40|75||||"29204228"|"49640157"
0|2|3||75|162|250||||"29204228"|"49640158"
0|6|11||2|4|5||||"29204229"|"49640159"
12|18|23||5|40|75||||"29204229"|"49640160"
14|19|23||75|162|250||||"29204229"|"49640161"
0|10|20||2|4|5||||"29204230"|"49640162"
2|11|20||5|40|75||||"29204230"|"49640163"
0|5|9||75|162|250||||"29204230"|"49640164"
0|10|20||2|4|5||||"29204231"|"49640165"
2|11|20||5|40|75||||"29204231"|"49640166"
0|5|9||75|162|250||||"29204231"|"49640167"
0|5|9||2|4|5||||"29204232"|"49640168"
3|6|9||5|40|75||||"29204232"|"49640169"
0|2|3||75|162|250||||"29204232"|"49640170"
0|7|14||2|4|5||||"29204233"|"49640171"
10|17|23||5|40|75||||"29204233"|"49640172"
0|3|6||75|162|250||||"29204233"|"49640173"
0|2|3||250|625|1000||||"29204233"|"49640174"
0|6|11||2|4|5||||"29204234"|"49640175"
5|12|18||5|40|75||||"29204234"|"49640176"
11|18|25||75|162|250||||"29204234"|"49640177"
0|3|6||250|625|1000||||"29204234"|"49640178"
0|6|11||2|4|5||||"29204235"|"49640179"
7|17|26||5|40|75||||"29204235"|"49640180"
14|23|31||75|162|250||||"29204235"|"49640181"
0|5|9||250|625|1000||||"29204235"|"49640182"
0|5|9||2|4|5||||"29204236"|"49640183"
3|6|9||5|40|75||||"29204236"|"49640184"
0|2|3||75|162|250||||"29204236"|"49640185"
0|7|14||2|4|5||||"29204237"|"49640186"
10|17|23||5|40|75||||"29204237"|"49640187"
0|3|6||75|162|250||||"29204237"|"49640188"
0|2|3||250|625|1000||||"29204237"|"49640189"
2|11|20||5|40|75||||"29204238"|"49640190"
0|5|9||75|162|250||||"29204238"|"49640191"
0|10|20||2|4|5||||"29204238"|"49640192"
0|10|20||2|4|5||||"29204239"|"49640193"
2|11|20||5|40|75||||"29204239"|"49640194"
0|5|9||75|162|250||||"29204239"|"49640195"
0|7|14||2|4|5||||"29204240"|"49640196"
11|17|23||5|40|75||||"29204240"|"49640197"
0|2|3||75|162|250||||"29204240"|"49640198"
0|7|14||2|4|5||||"29204241"|"49640199"
13|20|26||5|40|75||||"29204241"|"49640200"
0|2|3||75|162|250||||"29204241"|"49640201"
0|7|14||2|4|5||||"29204242"|"49640202"
23|30|37||5|40|75||||"29204242"|"49640203"
0|3|6||75|162|250||||"29204242"|"49640204"
0|5|9||2|4|5||||"29204243"|"49640205"
3|6|9||5|40|75||||"29204243"|"49640206"
0|2|3||75|162|250||||"29204243"|"49640207"
0|6|11||2|4|5||||"29204244"|"49640208"
12|18|23||5|40|75||||"29204244"|"49640209"
14|19|23||75|162|250||||"29204244"|"49640210"
0|5|9||2|4|5||||"29204245"|"49640211"
13|17|20||5|40|75||||"29204245"|"49640212"
0|3|6||75|162|250||||"29204245"|"49640213"
0|7|14||2|4|5||||"29204246"|"49640214"
10|17|23||5|40|75||||"29204246"|"49640215"
0|3|6||75|162|250||||"29204246"|"49640216"
0|2|3||250|625|1000||||"29204246"|"49640217"
0|6|11||2|4|5||||"29204247"|"49640218"
5|12|18||5|40|75||||"29204247"|"49640219"
11|18|25||75|162|250||||"29204247"|"49640220"
0|3|6||250|625|1000||||"29204247"|"49640221"
0|6|11||2|4|5||||"29204248"|"49640222"
7|17|26||5|40|75||||"29204248"|"49640223"
14|23|31||75|162|250||||"29204248"|"49640224"
0|5|9||250|625|1000||||"29204248"|"49640225"
0|5|9||2|4|5||||"29204249"|"49640226"
13|17|20||5|40|75||||"29204249"|"49640227"
0|3|6||75|162|250||||"29204249"|"49640228"
0|7|14||2|4|5||||"29204250"|"49640229"
10|17|23||5|40|75||||"29204250"|"49640230"
0|3|6||75|162|250||||"29204250"|"49640231"
0|2|3||250|625|1000||||"29204250"|"49640232"
0|7|14||2|4|5||||"29204270"|"49640233"
12|19|26||5|40|75||||"29204270"|"49640234"
0|3|6||75|162|250||||"29204270"|"49640235"
0|2|3||250|625|1000||||"29204270"|"49640236"
0|6|11||2|4|5||||"29204271"|"49640237"
9|19|28||5|40|75||||"29204271"|"49640238"
14|21|28||75|162|250||||"29204271"|"49640239"
0|5|9||250|625|1000||||"29204271"|"49640240"
0|6|11||2|4|5||||"29204272"|"49640241"
9|19|28||5|40|75||||"29204272"|"49640242"
14|21|28||75|162|250||||"29204272"|"49640243"
0|5|9||250|625|1000||||"29204272"|"49640244"
0|6|11||2|4|5||||"29204274"|"49640245"
9|19|28||5|40|75||||"29204274"|"49640246"
14|21|28||75|162|250||||"29204274"|"49640247"
0|5|9||250|625|1000||||"29204274"|"49640248"
0|5|9||2|4|5||||"29204275"|"49640249"
9|16|23||5|40|75||||"29204275"|"49640250"
14|21|28||75|162|250||||"29204275"|"49640251"
0|3|6||250|625|1000||||"29204275"|"49640252"
0|5|9||2|4|5||||"29204276"|"49640253"
9|16|23||5|40|75||||"29204276"|"49640254"
14|21|28||75|162|250||||"29204276"|"49640255"
0|3|6||250|625|1000||||"29204276"|"49640256"
0|7|14||2|4|5||||"29204304"|"49640257"
23|30|37||5|40|75||||"29204304"|"49640258"
0|3|6||75|162|250||||"29204304"|"49640259"
0|6|11||2|4|5||||"29204317"|"49640260"
0|5|9||5|40|75||||"29204317"|"49640261"
0|6|11||2|4|5||||"29204318"|"49640262"
0|5|9||5|40|75||||"29204318"|"49640263"
0|6|11||2|4|5||||"29204319"|"49640264"
0|5|9||5|40|75||||"29204319"|"49640265"
0|6|11||2|4|5||||"29204324"|"49640266"
0|5|9||5|40|75||||"29204324"|"49640267"
0|5|9||2|4|5||||"29204325"|"49640268"
13|17|20||5|40|75||||"29204325"|"49640269"
0|3|6||75|162|250||||"29204325"|"49640270"
0|5|9||2|4|5||||"29204326"|"49640271"
13|17|20||5|40|75||||"29204326"|"49640272"
0|3|6||75|162|250||||"29204326"|"49640273"
0|3|6||75|162|250||||"29204327"|"49640274"
0|2|3||250|625|1000||||"29204327"|"49640275"
0|7|14||2|4|5||||"29204327"|"49640276"
10|17|23||5|40|75||||"29204327"|"49640277"
0|7|14||2|4|5||||"29204328"|"49640278"
10|17|23||5|40|75||||"29204328"|"49640279"
0|3|6||75|162|250||||"29204328"|"49640280"
0|2|3||250|625|1000||||"29204328"|"49640281"
0|6|11||2|4|5||||"29204329"|"49640282"
5|12|18||5|40|75||||"29204329"|"49640283"
11|18|25||75|162|250||||"29204329"|"49640284"
0|3|6||250|625|1000||||"29204329"|"49640285"
0|6|11||2|4|5||||"29204330"|"49640286"
7|17|26||5|40|75||||"29204330"|"49640287"
14|23|31||75|162|250||||"29204330"|"49640288"
0|5|9||250|625|1000||||"29204330"|"49640289"
0|5|9||2|4|5||||"29204331"|"49640290"
13|17|20||5|40|75||||"29204331"|"49640291"
0|3|6||75|162|250||||"29204331"|"49640292"
0|5|9||2|4|5||||"29204332"|"49640293"
13|17|20||5|40|75||||"29204332"|"49640294"
0|3|6||75|162|250||||"29204332"|"49640295"
0|7|14||2|4|5||||"29204333"|"49640296"
10|17|23||5|40|75||||"29204333"|"49640297"
0|3|6||75|162|250||||"29204333"|"49640298"
0|2|3||250|625|1000||||"29204333"|"49640299"
0|7|14||2|4|5||||"29204334"|"49640300"
10|17|23||5|40|75||||"29204334"|"49640301"
0|3|6||75|162|250||||"29204334"|"49640302"
0|2|3||250|625|1000||||"29204334"|"49640303"
0|6|11||2|4|5||||"29204335"|"49640304"
5|12|18||5|40|75||||"29204335"|"49640305"
11|18|25||75|162|250||||"29204335"|"49640306"
0|3|6||250|625|1000||||"29204335"|"49640307"
0|6|11||2|4|5||||"29204336"|"49640308"
7|17|26||5|40|75||||"29204336"|"49640309"
14|23|31||75|162|250||||"29204336"|"49640310"
0|5|9||250|625|1000||||"29204336"|"49640311"
0|6|11||2|4|5||||"29204341"|"49640312"
0|5|9||5|40|75||||"29204341"|"49640313"
0|6|11||2|4|5||||"29204342"|"49640314"
0|5|9||5|40|75||||"29204342"|"49640315"
0|7|14||2|4|5||||"29204347"|"49640316"
13|20|26||5|40|75||||"29204347"|"49640317"
0|2|3||75|162|250||||"29204347"|"49640318"
0|7|14||2|4|5||||"29204348"|"49640319"
23|30|37||5|40|75||||"29204348"|"49640320"
0|3|6||75|162|250||||"29204348"|"49640321"
0|7|14||2|4|5||||"29204349"|"49640322"
13|20|26||5|40|75||||"29204349"|"49640323"
0|3|6||75|162|250||||"29204349"|"49640324"
0|7|14||2|4|5||||"29204350"|"49640325"
22|30|37||5|40|75||||"29204350"|"49640326"
0|5|9||75|162|250||||"29204350"|"49640327"
0|7|14||2|4|5||||"29204351"|"49640328"
10|20|30||5|40|75||||"29204351"|"49640329"
17|23|28||75|162|250||||"29204351"|"49640330"
0|3|6||250|625|1000||||"29204351"|"49640331"
0|7|14||2|4|5||||"29204353"|"49640332"
13|20|26||5|40|75||||"29204353"|"49640333"
0|3|6||75|162|250||||"29204353"|"49640334"
0|7|14||2|4|5||||"29204354"|"49640335"
22|30|37||5|40|75||||"29204354"|"49640336"
0|5|9||75|162|250||||"29204354"|"49640337"
0|7|14||2|4|5||||"29204355"|"49640338"
10|20|30||5|40|75||||"29204355"|"49640339"
17|23|28||75|162|250||||"29204355"|"49640340"
0|3|6||250|625|1000||||"29204355"|"49640341"
0|6|11||2|4|5||||"29204357"|"49640342"
8|17|25||5|40|75||||"29204357"|"49640343"
11|20|28||75|162|250||||"29204357"|"49640344"
0|3|6||250|625|1000||||"29204357"|"49640345"
0|5|9||2|4|5||||"29204358"|"49640346"
9|19|28||5|40|75||||"29204358"|"49640347"
20|26|31||75|162|250||||"29204358"|"49640348"
0|5|9||250|625|1000||||"29204358"|"49640349"
0|5|9||2|4|5||||"29204359"|"49640350"
7|18|29||5|40|75||||"29204359"|"49640351"
23|29|34||75|162|250||||"29204359"|"49640352"
0|6|11||250|625|1000||||"29204359"|"49640353"
0|6|11||2|4|5||||"29204361"|"49640354"
0|5|9||5|40|75||||"29204361"|"49640355"
0|6|11||2|4|5||||"29204362"|"49640356"
0|5|9||5|40|75||||"29204362"|"49640357"
0|6|11||2|4|5||||"29204363"|"49640358"
0|5|9||5|40|75||||"29204363"|"49640359"
0|6|11||2|4|5||||"29204364"|"49640360"
0|5|9||5|40|75||||"29204364"|"49640361"
0|6|11||2|4|5||||"29204365"|"49640362"
0|5|9||5|40|75||||"29204365"|"49640363"
0|6|11||2|4|5||||"29204366"|"49640364"
0|5|9||5|40|75||||"29204366"|"49640365"
0|6|11||2|4|5||||"29204367"|"49640366"
0|5|9||5|40|75||||"29204367"|"49640367"
0|6|11||2|4|5||||"29204368"|"49640368"
0|5|9||5|40|75||||"29204368"|"49640369"
0|1|3|"Wood fragments"|20|30|80||||"29204388"|"49640370"
0|1|3|"Wood fragments"|20|30|80||||"29204399"|"49640371"
0|1|3|"Wood fragments"|20|30|80||||"29204420"|"49640372"
