0|0|0|0|15|183|"Wet"|"107999514"|"64528421"
0|0|0|0|15|183|"Wet"|"107999515"|"64528422"
0|0|0|0|15|183|"Wet"|"107999516"|"64528423"
0|0|0|0|15|183|"Wet"|"107999517"|"64528424"
0|0|0|0|15|183|"Wet"|"107999518"|"64528425"
0|0|0|0|15|183|"Wet"|"107999519"|"64528426"
0|0|0|0|15|183|"Wet"|"107999520"|"64528427"
0|0|0|0|15|183|"Wet"|"107999521"|"64528428"
25|30|102|183|183|183|"Wet"|"107999525"|"64528429"
0|0|0|25|30|102||"107999525"|"64528430"
25|30|102|183|183|183|"Wet"|"107999526"|"64528431"
0|0|0|25|30|102||"107999526"|"64528432"
25|30|51|183|183|183|"Wet"|"107999527"|"64528433"
0|0|0|25|30|51||"107999527"|"64528434"
25|30|51|183|183|183|"Wet"|"107999528"|"64528435"
0|0|0|25|30|51||"107999528"|"64528436"
25|30|51|183|183|183|"Wet"|"107999529"|"64528437"
0|0|0|25|30|51||"107999529"|"64528438"
25|30|51|183|183|183|"Wet"|"107999530"|"64528439"
0|0|0|25|30|51||"107999530"|"64528440"
25|30|51|183|183|183|"Wet"|"107999531"|"64528441"
0|0|0|25|30|51||"107999531"|"64528442"
25|30|51|183|183|183|"Wet"|"107999532"|"64528443"
0|0|0|25|30|51||"107999532"|"64528444"
25|30|51|183|183|183|"Wet"|"107999533"|"64528445"
0|0|0|25|30|51||"107999533"|"64528446"
25|30|102|183|183|183|"Wet"|"107999534"|"64528447"
0|0|0|25|30|102||"107999534"|"64528448"
25|30|102|183|183|183|"Wet"|"107999535"|"64528449"
0|0|0|25|30|102||"107999535"|"64528450"
25|30|102|183|183|183|"Wet"|"107999536"|"64528451"
0|0|0|25|30|102||"107999536"|"64528452"
0|0|0|102|127|152||"107999538"|"64528453"
102|127|152|183|183|183|"Wet"|"107999538"|"64528454"
25|30|51|183|183|183|"Wet"|"107999539"|"64528455"
0|0|0|25|30|51||"107999539"|"64528456"
25|30|51|183|183|183|"Wet"|"107999540"|"64528457"
0|0|0|25|30|51||"107999540"|"64528458"
25|30|51|183|183|183|"Wet"|"107999541"|"64528459"
0|0|0|25|30|51||"107999541"|"64528460"
0|0|0|51|76|102||"107999542"|"64528461"
51|76|102|183|183|183|"Wet"|"107999542"|"64528462"
0|0|0|51|76|102||"107999543"|"64528463"
51|76|102|183|183|183|"Wet"|"107999543"|"64528464"
0|0|0|102|127|152||"107999544"|"64528465"
102|127|152|183|183|183|"Wet"|"107999544"|"64528466"
0|0|0|102|127|152||"107999545"|"64528467"
102|127|152|183|183|183|"Wet"|"107999545"|"64528468"
0|0|0|102|127|152||"107999546"|"64528469"
102|127|152|183|183|183|"Wet"|"107999546"|"64528470"
0|0|0|0|31|61||"107999549"|"64528471"
0|31|61|183|183|183|"Wet"|"107999549"|"64528472"
0|0|0|0|31|61||"107999550"|"64528473"
0|31|61|183|183|183|"Wet"|"107999550"|"64528474"
0|0|0|0|31|61||"107999552"|"64528475"
0|31|61|183|183|183|"Wet"|"107999552"|"64528476"
0|0|0|0|31|61||"107999553"|"64528477"
0|31|61|183|183|183|"Wet"|"107999553"|"64528478"
0|0|0|0|31|61||"107999554"|"64528479"
0|31|61|183|183|183|"Wet"|"107999554"|"64528480"
0|0|0|0|31|61||"107999555"|"64528481"
0|31|61|183|183|183|"Wet"|"107999555"|"64528482"
0|0|0|0|31|61||"107999556"|"64528483"
0|31|61|183|183|183|"Wet"|"107999556"|"64528484"
0|0|0|0|31|61||"107999557"|"64528485"
0|31|61|183|183|183|"Wet"|"107999557"|"64528486"
0|0|0|0|31|61||"107999560"|"64528487"
0|31|61|183|183|183|"Wet"|"107999560"|"64528488"
0|0|0|61|84|107||"107999561"|"64528489"
61|84|107|183|183|183|"Wet"|"107999561"|"64528490"
0|0|0|61|84|107||"107999562"|"64528491"
61|84|107|183|183|183|"Wet"|"107999562"|"64528492"
0|0|0|61|84|107||"107999566"|"64528493"
61|84|107|183|183|183|"Wet"|"107999566"|"64528494"
0|0|0|61|84|107||"107999567"|"64528495"
61|84|107|183|183|183|"Wet"|"107999567"|"64528496"
0|0|0|61|84|107||"107999568"|"64528497"
61|84|107|183|183|183|"Wet"|"107999568"|"64528498"
0|0|0|61|84|107||"107999569"|"64528499"
61|84|107|183|183|183|"Wet"|"107999569"|"64528500"
0|0|0|61|84|107||"107999572"|"64528501"
61|84|107|183|183|183|"Wet"|"107999572"|"64528502"
0|0|0|91|107|122||"107999813"|"64528503"
91|107|122|183|183|183|"Wet"|"107999813"|"64528504"
0|0|0|91|107|122||"107999819"|"64528505"
91|107|122|183|183|183|"Wet"|"107999819"|"64528506"
0|0|0|91|107|122||"107999821"|"64528507"
91|107|122|183|183|183|"Wet"|"107999821"|"64528508"
0|0|0|91|107|122||"107999825"|"64528509"
91|107|122|183|183|183|"Wet"|"107999825"|"64528510"
0|0|0|91|107|122||"107999831"|"64528511"
91|107|122|183|183|183|"Wet"|"107999831"|"64528512"
0|0|0|91|107|122||"107999833"|"64528513"
91|107|122|183|183|183|"Wet"|"107999833"|"64528514"
0|0|0|0|31|61||"107999839"|"64528515"
0|31|61|183|183|183|"Wet"|"107999839"|"64528516"
0|0|0|0|31|61||"107999840"|"64528517"
0|31|61|183|183|183|"Wet"|"107999840"|"64528518"
0|0|0|0|31|61||"107999841"|"64528519"
0|31|61|183|183|183|"Wet"|"107999841"|"64528520"
0|0|0|0|31|61||"107999842"|"64528521"
0|31|61|183|183|183|"Wet"|"107999842"|"64528522"
0|0|0|0|31|61||"107999843"|"64528523"
0|31|61|183|183|183|"Wet"|"107999843"|"64528524"
0|0|0|0|31|61||"107999844"|"64528525"
0|31|61|183|183|183|"Wet"|"107999844"|"64528526"
0|0|0|46|69|91||"107999849"|"64528527"
46|69|91|183|183|183|"Wet"|"107999849"|"64528528"
0|0|0|46|69|91||"107999855"|"64528529"
46|69|91|183|183|183|"Wet"|"107999855"|"64528530"
0|0|0|46|69|91||"107999857"|"64528531"
46|69|91|183|183|183|"Wet"|"107999857"|"64528532"
0|0|0|32|61|91||"107999861"|"64528533"
32|61|91|183|183|183|"Wet"|"107999861"|"64528534"
0|0|0|32|61|91||"107999862"|"64528535"
32|61|91|183|183|183|"Wet"|"107999862"|"64528536"
0|0|0|32|61|91||"107999863"|"64528537"
32|61|91|183|183|183|"Wet"|"107999863"|"64528538"
0|0|0|32|61|91||"107999864"|"64528539"
32|61|91|183|183|183|"Wet"|"107999864"|"64528540"
0|0|0|32|61|91||"107999865"|"64528541"
32|61|91|183|183|183|"Wet"|"107999865"|"64528542"
0|0|0|32|61|91||"107999866"|"64528543"
32|61|91|183|183|183|"Wet"|"107999866"|"64528544"
0|0|0|32|61|91||"107999867"|"64528545"
32|61|91|183|183|183|"Wet"|"107999867"|"64528546"
0|0|0|32|61|91||"107999868"|"64528547"
32|61|91|183|183|183|"Wet"|"107999868"|"64528548"
0|0|0|32|61|91||"107999869"|"64528549"
32|61|91|183|183|183|"Wet"|"107999869"|"64528550"
0|0|0|32|61|91||"107999870"|"64528551"
32|61|91|183|183|183|"Wet"|"107999870"|"64528552"
0|0|0|32|61|91||"107999871"|"64528553"
32|61|91|183|183|183|"Wet"|"107999871"|"64528554"
0|0|0|32|61|91||"107999872"|"64528555"
32|61|91|183|183|183|"Wet"|"107999872"|"64528556"
0|0|0|0|15|30||"107999873"|"64528557"
0|15|30|183|183|183|"Wet"|"107999873"|"64528558"
0|0|0|0|15|30||"107999874"|"64528559"
0|15|30|183|183|183|"Wet"|"107999874"|"64528560"
0|0|0|0|15|30||"107999876"|"64528561"
0|15|30|183|183|183|"Wet"|"107999876"|"64528562"
0|0|0|0|15|30||"107999877"|"64528563"
0|15|30|183|183|183|"Wet"|"107999877"|"64528564"
0|0|0|0|15|30||"107999878"|"64528565"
0|15|30|183|183|183|"Wet"|"107999878"|"64528566"
0|0|0|0|15|30||"107999879"|"64528567"
0|15|30|183|183|183|"Wet"|"107999879"|"64528568"
0|0|0|0|15|30||"107999883"|"64528569"
0|15|30|183|183|183|"Wet"|"107999883"|"64528570"
0|0|0|0|15|30||"107999884"|"64528571"
0|15|30|183|183|183|"Wet"|"107999884"|"64528572"
0|0|0|0|31|61||"107999887"|"64528573"
0|31|61|183|183|183|"Wet"|"107999887"|"64528574"
0|0|0|0|31|61||"107999888"|"64528575"
0|31|61|183|183|183|"Wet"|"107999888"|"64528576"
0|0|0|0|31|61||"107999889"|"64528577"
0|31|61|183|183|183|"Wet"|"107999889"|"64528578"
0|0|0|0|31|61||"107999890"|"64528579"
0|31|61|183|183|183|"Wet"|"107999890"|"64528580"
0|0|0|0|31|61||"107999891"|"64528581"
0|31|61|183|183|183|"Wet"|"107999891"|"64528582"
0|0|0|0|31|61||"107999892"|"64528583"
0|31|61|183|183|183|"Wet"|"107999892"|"64528584"
0|0|0|46|69|91||"107999950"|"64528585"
46|69|91|183|183|183|"Wet"|"107999950"|"64528586"
0|0|0|46|69|91||"107999951"|"64528587"
46|69|91|183|183|183|"Wet"|"107999951"|"64528588"
0|0|0|0|31|61||"107999959"|"64528589"
0|31|61|183|183|183|"Wet"|"107999959"|"64528590"
0|0|0|0|31|61||"107999960"|"64528591"
0|31|61|183|183|183|"Wet"|"107999960"|"64528592"
0|0|0|0|31|61||"107999961"|"64528593"
0|31|61|183|183|183|"Wet"|"107999961"|"64528594"
0|0|0|0|31|61||"107999962"|"64528595"
0|31|61|183|183|183|"Wet"|"107999962"|"64528596"
0|0|0|0|31|61||"107999963"|"64528597"
0|31|61|183|183|183|"Wet"|"107999963"|"64528598"
0|0|0|0|31|61||"107999964"|"64528599"
0|31|61|183|183|183|"Wet"|"107999964"|"64528600"
0|0|0|0|31|61||"107999971"|"64528601"
0|31|61|183|183|183|"Wet"|"107999971"|"64528602"
0|0|0|0|31|61||"107999972"|"64528603"
0|31|61|183|183|183|"Wet"|"107999972"|"64528604"
0|0|0|0|31|61||"107999973"|"64528605"
0|31|61|183|183|183|"Wet"|"107999973"|"64528606"
0|0|0|0|31|61||"107999974"|"64528607"
0|31|61|183|183|183|"Wet"|"107999974"|"64528608"
0|0|0|0|31|61||"107999975"|"64528609"
0|31|61|183|183|183|"Wet"|"107999975"|"64528610"
0|0|0|0|31|61||"107999976"|"64528611"
0|31|61|183|183|183|"Wet"|"107999976"|"64528612"
0|0|0|32|61|91||"107999981"|"64528613"
32|61|91|183|183|183|"Wet"|"107999981"|"64528614"
0|0|0|32|61|91||"107999982"|"64528615"
32|61|91|183|183|183|"Wet"|"107999982"|"64528616"
0|0|0|32|61|91||"107999983"|"64528617"
32|61|91|183|183|183|"Wet"|"107999983"|"64528618"
0|0|0|32|61|91||"107999984"|"64528619"
32|61|91|183|183|183|"Wet"|"107999984"|"64528620"
0|0|0|32|61|91||"107999985"|"64528621"
32|61|91|183|183|183|"Wet"|"107999985"|"64528622"
0|0|0|32|61|91||"107999986"|"64528623"
32|61|91|183|183|183|"Wet"|"107999986"|"64528624"
0|0|0|32|61|91||"107999987"|"64528625"
32|61|91|183|183|183|"Wet"|"107999987"|"64528626"
0|0|0|32|61|91||"107999988"|"64528627"
32|61|91|183|183|183|"Wet"|"107999988"|"64528628"
0|0|0|32|61|91||"107999989"|"64528629"
32|61|91|183|183|183|"Wet"|"107999989"|"64528630"
0|0|0|32|61|91||"107999990"|"64528631"
32|61|91|183|183|183|"Wet"|"107999990"|"64528632"
0|0|0|32|61|91||"107999991"|"64528633"
32|61|91|183|183|183|"Wet"|"107999991"|"64528634"
0|0|0|32|61|91||"107999992"|"64528635"
32|61|91|183|183|183|"Wet"|"107999992"|"64528636"
0|0|0|0|31|61||"107999995"|"64528637"
0|31|61|183|183|183|"Wet"|"107999995"|"64528638"
0|0|0|0|31|61||"107999996"|"64528639"
0|31|61|183|183|183|"Wet"|"107999996"|"64528640"
0|0|0|0|31|61||"107999997"|"64528641"
0|31|61|183|183|183|"Wet"|"107999997"|"64528642"
0|0|0|0|31|61||"107999998"|"64528643"
0|31|61|183|183|183|"Wet"|"107999998"|"64528644"
0|0|0|0|31|61||"107999999"|"64528645"
0|31|61|183|183|183|"Wet"|"107999999"|"64528646"
0|0|0|0|31|61||"108000000"|"64528647"
0|31|61|183|183|183|"Wet"|"108000000"|"64528648"
0|0|0|32|61|91||"108000005"|"64528649"
32|61|91|183|183|183|"Wet"|"108000005"|"64528650"
0|0|0|32|61|91||"108000006"|"64528651"
32|61|91|183|183|183|"Wet"|"108000006"|"64528652"
0|0|0|32|61|91||"108000007"|"64528653"
32|61|91|183|183|183|"Wet"|"108000007"|"64528654"
0|0|0|32|61|91||"108000008"|"64528655"
32|61|91|183|183|183|"Wet"|"108000008"|"64528656"
0|0|0|32|61|91||"108000009"|"64528657"
32|61|91|183|183|183|"Wet"|"108000009"|"64528658"
0|0|0|32|61|91||"108000010"|"64528659"
32|61|91|183|183|183|"Wet"|"108000010"|"64528660"
0|0|0|32|61|91||"108000011"|"64528661"
32|61|91|183|183|183|"Wet"|"108000011"|"64528662"
0|0|0|32|61|91||"108000012"|"64528663"
32|61|91|183|183|183|"Wet"|"108000012"|"64528664"
0|0|0|32|61|91||"108000013"|"64528665"
32|61|91|183|183|183|"Wet"|"108000013"|"64528666"
0|0|0|32|61|91||"108000014"|"64528667"
32|61|91|183|183|183|"Wet"|"108000014"|"64528668"
0|0|0|32|61|91||"108000015"|"64528669"
32|61|91|183|183|183|"Wet"|"108000015"|"64528670"
0|0|0|32|61|91||"108000016"|"64528671"
32|61|91|183|183|183|"Wet"|"108000016"|"64528672"
0|0|0|46|69|91||"108000022"|"64528673"
46|69|91|183|183|183|"Wet"|"108000022"|"64528674"
0|0|0|46|69|91||"108000023"|"64528675"
46|69|91|183|183|183|"Wet"|"108000023"|"64528676"
0|0|0|46|69|91||"108000034"|"64528677"
46|69|91|183|183|183|"Wet"|"108000034"|"64528678"
0|0|0|46|69|91||"108000035"|"64528679"
46|69|91|183|183|183|"Wet"|"108000035"|"64528680"
0|0|0|32|61|91||"108000041"|"64528681"
32|61|91|183|183|183|"Wet"|"108000041"|"64528682"
0|0|0|32|61|91||"108000042"|"64528683"
32|61|91|183|183|183|"Wet"|"108000042"|"64528684"
0|0|0|32|61|91||"108000043"|"64528685"
32|61|91|183|183|183|"Wet"|"108000043"|"64528686"
0|0|0|32|61|91||"108000044"|"64528687"
32|61|91|183|183|183|"Wet"|"108000044"|"64528688"
0|0|0|32|61|91||"108000045"|"64528689"
32|61|91|183|183|183|"Wet"|"108000045"|"64528690"
0|0|0|32|61|91||"108000046"|"64528691"
32|61|91|183|183|183|"Wet"|"108000046"|"64528692"
0|0|0|32|61|91||"108000047"|"64528693"
32|61|91|183|183|183|"Wet"|"108000047"|"64528694"
0|0|0|32|61|91||"108000048"|"64528695"
32|61|91|183|183|183|"Wet"|"108000048"|"64528696"
0|0|0|32|61|91||"108000049"|"64528697"
32|61|91|183|183|183|"Wet"|"108000049"|"64528698"
0|0|0|32|61|91||"108000050"|"64528699"
32|61|91|183|183|183|"Wet"|"108000050"|"64528700"
0|0|0|32|61|91||"108000051"|"64528701"
32|61|91|183|183|183|"Wet"|"108000051"|"64528702"
0|0|0|32|61|91||"108000052"|"64528703"
32|61|91|183|183|183|"Wet"|"108000052"|"64528704"
0|0|0|0|31|61||"108000055"|"64528705"
0|31|61|183|183|183|"Wet"|"108000055"|"64528706"
0|0|0|0|31|61||"108000056"|"64528707"
0|31|61|183|183|183|"Wet"|"108000056"|"64528708"
0|0|0|0|31|61||"108000057"|"64528709"
0|31|61|183|183|183|"Wet"|"108000057"|"64528710"
0|0|0|0|31|61||"108000058"|"64528711"
0|31|61|183|183|183|"Wet"|"108000058"|"64528712"
0|0|0|0|31|61||"108000059"|"64528713"
0|31|61|183|183|183|"Wet"|"108000059"|"64528714"
0|0|0|0|31|61||"108000060"|"64528715"
0|31|61|183|183|183|"Wet"|"108000060"|"64528716"
0|0|0|0|15|30||"108000221"|"64528717"
0|15|30|183|183|183|"Wet"|"108000221"|"64528718"
0|0|0|0|15|30||"108000222"|"64528719"
0|15|30|183|183|183|"Wet"|"108000222"|"64528720"
0|0|0|0|15|30||"108000224"|"64528721"
0|15|30|183|183|183|"Wet"|"108000224"|"64528722"
0|0|0|0|15|30||"108000225"|"64528723"
0|15|30|183|183|183|"Wet"|"108000225"|"64528724"
0|0|0|0|15|30||"108000226"|"64528725"
0|15|30|183|183|183|"Wet"|"108000226"|"64528726"
0|0|0|0|15|30||"108000227"|"64528727"
0|15|30|183|183|183|"Wet"|"108000227"|"64528728"
0|0|0|0|15|30||"108000231"|"64528729"
0|15|30|183|183|183|"Wet"|"108000231"|"64528730"
0|0|0|0|15|30||"108000232"|"64528731"
0|15|30|183|183|183|"Wet"|"108000232"|"64528732"
0|0|0|61|84|107||"108000233"|"64528733"
61|84|107|183|183|183|"Wet"|"108000233"|"64528734"
0|0|0|61|84|107||"108000234"|"64528735"
61|84|107|183|183|183|"Wet"|"108000234"|"64528736"
0|0|0|61|84|107||"108000238"|"64528737"
61|84|107|183|183|183|"Wet"|"108000238"|"64528738"
0|0|0|61|84|107||"108000239"|"64528739"
61|84|107|183|183|183|"Wet"|"108000239"|"64528740"
0|0|0|61|84|107||"108000241"|"64528741"
61|84|107|183|183|183|"Wet"|"108000241"|"64528742"
0|0|0|61|84|107||"108000244"|"64528743"
61|84|107|183|183|183|"Wet"|"108000244"|"64528744"
0|0|0|91|122|152||"108000245"|"64528745"
91|122|152|183|183|183|"Wet"|"108000245"|"64528746"
0|0|0|91|122|152||"108000246"|"64528747"
91|122|152|183|183|183|"Wet"|"108000246"|"64528748"
0|0|0|91|122|152||"108000250"|"64528749"
91|122|152|183|183|183|"Wet"|"108000250"|"64528750"
0|0|0|91|122|152||"108000251"|"64528751"
91|122|152|183|183|183|"Wet"|"108000251"|"64528752"
0|0|0|91|122|152||"108000253"|"64528753"
91|122|152|183|183|183|"Wet"|"108000253"|"64528754"
0|0|0|91|122|152||"108000256"|"64528755"
91|122|152|183|183|183|"Wet"|"108000256"|"64528756"
0|0|0|0|15|30||"108000257"|"64528757"
0|15|30|183|183|183|"Wet"|"108000257"|"64528758"
0|0|0|0|15|30||"108000258"|"64528759"
0|15|30|183|183|183|"Wet"|"108000258"|"64528760"
0|0|0|0|15|30||"108000260"|"64528761"
0|15|30|183|183|183|"Wet"|"108000260"|"64528762"
0|0|0|0|15|30||"108000261"|"64528763"
0|15|30|183|183|183|"Wet"|"108000261"|"64528764"
0|0|0|0|15|30||"108000262"|"64528765"
0|15|30|183|183|183|"Wet"|"108000262"|"64528766"
0|0|0|0|15|30||"108000263"|"64528767"
0|15|30|183|183|183|"Wet"|"108000263"|"64528768"
0|0|0|0|15|30||"108000267"|"64528769"
0|15|30|183|183|183|"Wet"|"108000267"|"64528770"
0|0|0|0|15|30||"108000268"|"64528771"
0|15|30|183|183|183|"Wet"|"108000268"|"64528772"
0|0|0|61|84|107||"108000269"|"64528773"
61|84|107|183|183|183|"Wet"|"108000269"|"64528774"
0|0|0|61|84|107||"108000270"|"64528775"
61|84|107|183|183|183|"Wet"|"108000270"|"64528776"
0|0|0|61|84|107||"108000274"|"64528777"
61|84|107|183|183|183|"Wet"|"108000274"|"64528778"
0|0|0|61|84|107||"108000275"|"64528779"
61|84|107|183|183|183|"Wet"|"108000275"|"64528780"
0|0|0|61|84|107||"108000277"|"64528781"
61|84|107|183|183|183|"Wet"|"108000277"|"64528782"
0|0|0|61|84|107||"108000280"|"64528783"
61|84|107|183|183|183|"Wet"|"108000280"|"64528784"
0|0|0|0|15|30||"108000281"|"64528785"
0|15|30|183|183|183|"Wet"|"108000281"|"64528786"
0|0|0|0|15|30||"108000282"|"64528787"
0|15|30|183|183|183|"Wet"|"108000282"|"64528788"
0|0|0|0|15|30||"108000284"|"64528789"
0|15|30|183|183|183|"Wet"|"108000284"|"64528790"
0|0|0|0|15|30||"108000285"|"64528791"
0|15|30|183|183|183|"Wet"|"108000285"|"64528792"
0|0|0|0|15|30||"108000286"|"64528793"
0|15|30|183|183|183|"Wet"|"108000286"|"64528794"
0|0|0|0|15|30||"108000287"|"64528795"
0|15|30|183|183|183|"Wet"|"108000287"|"64528796"
0|0|0|0|15|30||"108000291"|"64528797"
0|15|30|183|183|183|"Wet"|"108000291"|"64528798"
0|0|0|0|15|30||"108000292"|"64528799"
0|15|30|183|183|183|"Wet"|"108000292"|"64528800"
0|0|0|61|76|91||"108000293"|"64528801"
61|76|91|183|183|183|"Wet"|"108000293"|"64528802"
0|0|0|61|76|91||"108000294"|"64528803"
61|76|91|183|183|183|"Wet"|"108000294"|"64528804"
0|0|0|61|76|91||"108000298"|"64528805"
61|76|91|183|183|183|"Wet"|"108000298"|"64528806"
0|0|0|61|76|91||"108000299"|"64528807"
61|76|91|183|183|183|"Wet"|"108000299"|"64528808"
0|0|0|61|76|91||"108000301"|"64528809"
61|76|91|183|183|183|"Wet"|"108000301"|"64528810"
0|0|0|107|130|152||"108000677"|"64528811"
107|130|152|183|183|183|"Wet"|"108000677"|"64528812"
0|0|0|107|130|152||"108000683"|"64528813"
107|130|152|183|183|183|"Wet"|"108000683"|"64528814"
0|0|0|107|130|152||"108000685"|"64528815"
107|130|152|183|183|183|"Wet"|"108000685"|"64528816"
0|0|0|107|130|152||"108000689"|"64528817"
107|130|152|183|183|183|"Wet"|"108000689"|"64528818"
0|0|0|107|130|152||"108000695"|"64528819"
107|130|152|183|183|183|"Wet"|"108000695"|"64528820"
0|0|0|107|130|152||"108000697"|"64528821"
107|130|152|183|183|183|"Wet"|"108000697"|"64528822"
0|0|0|107|130|152||"108000701"|"64528823"
107|130|152|183|183|183|"Wet"|"108000701"|"64528824"
0|0|0|107|130|152||"108000707"|"64528825"
107|130|152|183|183|183|"Wet"|"108000707"|"64528826"
0|0|0|107|130|152||"108000709"|"64528827"
107|130|152|183|183|183|"Wet"|"108000709"|"64528828"
0|0|0|0|31|61||"108000787"|"64528829"
0|31|61|183|183|183|"Wet"|"108000787"|"64528830"
0|0|0|0|31|61||"108000788"|"64528831"
0|31|61|183|183|183|"Wet"|"108000788"|"64528832"
0|0|0|0|31|61||"108000789"|"64528833"
0|31|61|183|183|183|"Wet"|"108000789"|"64528834"
0|0|0|0|31|61||"108000790"|"64528835"
0|31|61|183|183|183|"Wet"|"108000790"|"64528836"
0|0|0|0|31|61||"108000791"|"64528837"
0|31|61|183|183|183|"Wet"|"108000791"|"64528838"
0|0|0|0|31|61||"108000792"|"64528839"
0|31|61|183|183|183|"Wet"|"108000792"|"64528840"
0|0|0|51|77|102||"108000797"|"64528841"
51|77|102|183|183|183|"Wet"|"108000797"|"64528842"
0|0|0|51|77|102||"108000798"|"64528843"
51|77|102|183|183|183|"Wet"|"108000798"|"64528844"
0|0|0|51|77|102||"108000802"|"64528845"
51|77|102|183|183|183|"Wet"|"108000802"|"64528846"
0|0|0|51|77|102||"108000803"|"64528847"
51|77|102|183|183|183|"Wet"|"108000803"|"64528848"
0|0|0|51|77|102||"108000805"|"64528849"
51|77|102|183|183|183|"Wet"|"108000805"|"64528850"
0|0|0|51|77|102||"108000808"|"64528851"
51|77|102|183|183|183|"Wet"|"108000808"|"64528852"
0|0|0|76|99|122||"108000809"|"64528853"
76|99|122|183|183|183|"Wet"|"108000809"|"64528854"
0|0|0|76|99|122||"108000815"|"64528855"
76|99|122|183|183|183|"Wet"|"108000815"|"64528856"
0|0|0|76|99|122||"108000816"|"64528857"
76|99|122|183|183|183|"Wet"|"108000816"|"64528858"
0|0|0|76|99|122||"108000817"|"64528859"
76|99|122|183|183|183|"Wet"|"108000817"|"64528860"
0|0|0|0|15|30||"108000821"|"64528861"
0|15|30|183|183|183|"Wet"|"108000821"|"64528862"
0|0|0|0|15|30||"108000822"|"64528863"
0|15|30|183|183|183|"Wet"|"108000822"|"64528864"
0|0|0|0|15|30||"108000826"|"64528865"
0|15|30|183|183|183|"Wet"|"108000826"|"64528866"
0|0|0|0|15|30||"108000827"|"64528867"
0|15|30|183|183|183|"Wet"|"108000827"|"64528868"
0|0|0|0|15|30||"108000828"|"64528869"
0|15|30|183|183|183|"Wet"|"108000828"|"64528870"
0|0|0|0|15|30||"108000829"|"64528871"
0|15|30|183|183|183|"Wet"|"108000829"|"64528872"
0|0|0|0|15|30||"108000831"|"64528873"
0|15|30|183|183|183|"Wet"|"108000831"|"64528874"
0|0|0|0|15|30||"108000832"|"64528875"
0|15|30|183|183|183|"Wet"|"108000832"|"64528876"
0|0|0|0|15|30||"108001061"|"64528877"
0|15|30|183|183|183|"Wet"|"108001061"|"64528878"
0|0|0|0|15|30||"108001062"|"64528879"
0|15|30|183|183|183|"Wet"|"108001062"|"64528880"
0|0|0|0|15|30||"108001066"|"64528881"
0|15|30|183|183|183|"Wet"|"108001066"|"64528882"
0|0|0|0|15|30||"108001067"|"64528883"
0|15|30|183|183|183|"Wet"|"108001067"|"64528884"
0|0|0|0|15|30||"108001068"|"64528885"
0|15|30|183|183|183|"Wet"|"108001068"|"64528886"
0|0|0|0|15|30||"108001069"|"64528887"
0|15|30|183|183|183|"Wet"|"108001069"|"64528888"
0|0|0|0|15|30||"108001071"|"64528889"
0|15|30|183|183|183|"Wet"|"108001071"|"64528890"
0|0|0|0|15|30||"108001072"|"64528891"
0|15|30|183|183|183|"Wet"|"108001072"|"64528892"
0|0|0|76|99|122||"108001073"|"64528893"
76|99|122|183|183|183|"Wet"|"108001073"|"64528894"
0|0|0|76|99|122||"108001074"|"64528895"
76|99|122|183|183|183|"Wet"|"108001074"|"64528896"
0|0|0|76|99|122||"108001078"|"64528897"
76|99|122|183|183|183|"Wet"|"108001078"|"64528898"
0|0|0|76|99|122||"108001079"|"64528899"
76|99|122|183|183|183|"Wet"|"108001079"|"64528900"
0|0|0|76|99|122||"108001081"|"64528901"
76|99|122|183|183|183|"Wet"|"108001081"|"64528902"
0|0|0|76|99|122||"108001084"|"64528903"
76|99|122|183|183|183|"Wet"|"108001084"|"64528904"
0|0|0|76|99|122||"108001088"|"64528905"
76|99|122|183|183|183|"Wet"|"108001088"|"64528906"
0|0|0|76|99|122||"108001089"|"64528907"
76|99|122|183|183|183|"Wet"|"108001089"|"64528908"
0|0|0|76|99|122||"108001090"|"64528909"
76|99|122|183|183|183|"Wet"|"108001090"|"64528910"
0|0|0|76|99|122||"108001091"|"64528911"
76|99|122|183|183|183|"Wet"|"108001091"|"64528912"
0|0|0|76|99|122||"108001092"|"64528913"
76|99|122|183|183|183|"Wet"|"108001092"|"64528914"
0|0|0|76|99|122||"108001093"|"64528915"
76|99|122|183|183|183|"Wet"|"108001093"|"64528916"
0|0|0|0|15|30||"108001097"|"64528917"
0|15|30|183|183|183|"Wet"|"108001097"|"64528918"
0|0|0|0|15|30||"108001098"|"64528919"
0|15|30|183|183|183|"Wet"|"108001098"|"64528920"
0|0|0|0|15|30||"108001100"|"64528921"
0|15|30|183|183|183|"Wet"|"108001100"|"64528922"
0|0|0|0|15|30||"108001101"|"64528923"
0|15|30|183|183|183|"Wet"|"108001101"|"64528924"
0|0|0|0|15|30||"108001102"|"64528925"
0|15|30|183|183|183|"Wet"|"108001102"|"64528926"
0|0|0|0|15|30||"108001103"|"64528927"
0|15|30|183|183|183|"Wet"|"108001103"|"64528928"
0|0|0|0|15|30||"108001107"|"64528929"
0|15|30|183|183|183|"Wet"|"108001107"|"64528930"
0|0|0|0|15|30||"108001108"|"64528931"
0|15|30|183|183|183|"Wet"|"108001108"|"64528932"
0|0|0|76|99|122||"108001109"|"64528933"
76|99|122|183|183|183|"Wet"|"108001109"|"64528934"
0|0|0|76|99|122||"108001110"|"64528935"
76|99|122|183|183|183|"Wet"|"108001110"|"64528936"
0|0|0|76|99|122||"108001111"|"64528937"
76|99|122|183|183|183|"Wet"|"108001111"|"64528938"
0|0|0|76|99|122||"108001112"|"64528939"
76|99|122|183|183|183|"Wet"|"108001112"|"64528940"
0|0|0|76|99|122||"108001113"|"64528941"
76|99|122|183|183|183|"Wet"|"108001113"|"64528942"
0|0|0|76|99|122||"108001120"|"64528943"
76|99|122|183|183|183|"Wet"|"108001120"|"64528944"
0|0|0|0|15|30||"108001121"|"64528945"
0|15|30|183|183|183|"Wet"|"108001121"|"64528946"
0|0|0|0|15|30||"108001122"|"64528947"
0|15|30|183|183|183|"Wet"|"108001122"|"64528948"
0|0|0|0|15|30||"108001123"|"64528949"
0|15|30|183|183|183|"Wet"|"108001123"|"64528950"
0|0|0|0|15|30||"108001125"|"64528951"
0|15|30|183|183|183|"Wet"|"108001125"|"64528952"
0|0|0|0|15|30||"108001126"|"64528953"
0|15|30|183|183|183|"Wet"|"108001126"|"64528954"
0|0|0|0|15|30||"108001127"|"64528955"
0|15|30|183|183|183|"Wet"|"108001127"|"64528956"
0|0|0|0|15|30||"108001128"|"64528957"
0|15|30|183|183|183|"Wet"|"108001128"|"64528958"
0|0|0|0|15|30||"108001132"|"64528959"
0|15|30|183|183|183|"Wet"|"108001132"|"64528960"
0|0|0|76|99|122||"108001133"|"64528961"
76|99|122|183|183|183|"Wet"|"108001133"|"64528962"
0|0|0|76|99|122||"108001134"|"64528963"
76|99|122|183|183|183|"Wet"|"108001134"|"64528964"
0|0|0|76|99|122||"108001138"|"64528965"
76|99|122|183|183|183|"Wet"|"108001138"|"64528966"
0|0|0|76|99|122||"108001139"|"64528967"
76|99|122|183|183|183|"Wet"|"108001139"|"64528968"
0|0|0|76|99|122||"108001141"|"64528969"
76|99|122|183|183|183|"Wet"|"108001141"|"64528970"
0|0|0|76|99|122||"108001144"|"64528971"
76|99|122|183|183|183|"Wet"|"108001144"|"64528972"
0|0|0|0|31|61||"108001171"|"64528973"
0|31|61|183|183|183|"Wet"|"108001171"|"64528974"
0|0|0|0|31|61||"108001172"|"64528975"
0|31|61|183|183|183|"Wet"|"108001172"|"64528976"
0|0|0|0|31|61||"108001173"|"64528977"
0|31|61|183|183|183|"Wet"|"108001173"|"64528978"
0|0|0|0|31|61||"108001174"|"64528979"
0|31|61|183|183|183|"Wet"|"108001174"|"64528980"
0|0|0|0|31|61||"108001175"|"64528981"
0|31|61|183|183|183|"Wet"|"108001175"|"64528982"
0|0|0|0|31|61||"108001176"|"64528983"
0|31|61|183|183|183|"Wet"|"108001176"|"64528984"
0|0|0|0|31|61||"108001183"|"64528985"
0|31|61|183|183|183|"Wet"|"108001183"|"64528986"
0|0|0|0|31|61||"108001184"|"64528987"
0|31|61|183|183|183|"Wet"|"108001184"|"64528988"
0|0|0|0|31|61||"108001185"|"64528989"
0|31|61|183|183|183|"Wet"|"108001185"|"64528990"
0|0|0|0|31|61||"108001186"|"64528991"
0|31|61|183|183|183|"Wet"|"108001186"|"64528992"
0|0|0|0|31|61||"108001187"|"64528993"
0|31|61|183|183|183|"Wet"|"108001187"|"64528994"
0|0|0|0|31|61||"108001188"|"64528995"
0|31|61|183|183|183|"Wet"|"108001188"|"64528996"
0|0|0|0|31|61||"108001195"|"64528997"
0|31|61|183|183|183|"Wet"|"108001195"|"64528998"
0|0|0|0|31|61||"108001196"|"64528999"
0|31|61|183|183|183|"Wet"|"108001196"|"64529000"
0|0|0|0|31|61||"108001197"|"64529001"
0|31|61|183|183|183|"Wet"|"108001197"|"64529002"
0|0|0|0|31|61||"108001198"|"64529003"
0|31|61|183|183|183|"Wet"|"108001198"|"64529004"
0|0|0|0|31|61||"108001199"|"64529005"
0|31|61|183|183|183|"Wet"|"108001199"|"64529006"
0|0|0|0|31|61||"108001200"|"64529007"
0|31|61|183|183|183|"Wet"|"108001200"|"64529008"
0|0|0|0|31|61||"108001207"|"64529009"
0|31|61|183|183|183|"Wet"|"108001207"|"64529010"
0|0|0|0|31|61||"108001208"|"64529011"
0|31|61|183|183|183|"Wet"|"108001208"|"64529012"
0|0|0|0|31|61||"108001209"|"64529013"
0|31|61|183|183|183|"Wet"|"108001209"|"64529014"
0|0|0|0|31|61||"108001210"|"64529015"
0|31|61|183|183|183|"Wet"|"108001210"|"64529016"
0|0|0|0|31|61||"108001211"|"64529017"
0|31|61|183|183|183|"Wet"|"108001211"|"64529018"
0|0|0|0|31|61||"108001212"|"64529019"
0|31|61|183|183|183|"Wet"|"108001212"|"64529020"
0|0|0|32|61|91||"108001229"|"64529021"
32|61|91|183|183|183|"Wet"|"108001229"|"64529022"
0|0|0|32|61|91||"108001230"|"64529023"
32|61|91|183|183|183|"Wet"|"108001230"|"64529024"
0|0|0|32|61|91||"108001231"|"64529025"
32|61|91|183|183|183|"Wet"|"108001231"|"64529026"
0|0|0|32|61|91||"108001232"|"64529027"
32|61|91|183|183|183|"Wet"|"108001232"|"64529028"
0|0|0|32|61|91||"108001233"|"64529029"
32|61|91|183|183|183|"Wet"|"108001233"|"64529030"
0|0|0|32|61|91||"108001234"|"64529031"
32|61|91|183|183|183|"Wet"|"108001234"|"64529032"
0|0|0|32|61|91||"108001235"|"64529033"
32|61|91|183|183|183|"Wet"|"108001235"|"64529034"
0|0|0|32|61|91||"108001236"|"64529035"
32|61|91|183|183|183|"Wet"|"108001236"|"64529036"
0|0|0|32|61|91||"108001237"|"64529037"
32|61|91|183|183|183|"Wet"|"108001237"|"64529038"
0|0|0|32|61|91||"108001238"|"64529039"
32|61|91|183|183|183|"Wet"|"108001238"|"64529040"
0|0|0|32|61|91||"108001239"|"64529041"
32|61|91|183|183|183|"Wet"|"108001239"|"64529042"
0|0|0|32|61|91||"108001240"|"64529043"
32|61|91|183|183|183|"Wet"|"108001240"|"64529044"
0|0|0|0|31|61||"108001243"|"64529045"
0|31|61|183|183|183|"Wet"|"108001243"|"64529046"
0|0|0|0|31|61||"108001244"|"64529047"
0|31|61|183|183|183|"Wet"|"108001244"|"64529048"
0|0|0|0|31|61||"108001245"|"64529049"
0|31|61|183|183|183|"Wet"|"108001245"|"64529050"
0|0|0|0|31|61||"108001246"|"64529051"
0|31|61|183|183|183|"Wet"|"108001246"|"64529052"
0|0|0|0|31|61||"108001247"|"64529053"
0|31|61|183|183|183|"Wet"|"108001247"|"64529054"
0|0|0|0|31|61||"108001248"|"64529055"
0|31|61|183|183|183|"Wet"|"108001248"|"64529056"
0|0|0|32|61|91||"108001409"|"64529057"
32|61|91|183|183|183|"Wet"|"108001409"|"64529058"
0|0|0|32|61|91||"108001410"|"64529059"
32|61|91|183|183|183|"Wet"|"108001410"|"64529060"
0|0|0|32|61|91||"108001411"|"64529061"
32|61|91|183|183|183|"Wet"|"108001411"|"64529062"
0|0|0|32|61|91||"108001412"|"64529063"
32|61|91|183|183|183|"Wet"|"108001412"|"64529064"
0|0|0|32|61|91||"108001413"|"64529065"
32|61|91|183|183|183|"Wet"|"108001413"|"64529066"
0|0|0|32|61|91||"108001414"|"64529067"
32|61|91|183|183|183|"Wet"|"108001414"|"64529068"
0|0|0|32|61|91||"108001415"|"64529069"
32|61|91|183|183|183|"Wet"|"108001415"|"64529070"
0|0|0|32|61|91||"108001416"|"64529071"
32|61|91|183|183|183|"Wet"|"108001416"|"64529072"
0|0|0|32|61|91||"108001417"|"64529073"
32|61|91|183|183|183|"Wet"|"108001417"|"64529074"
0|0|0|32|61|91||"108001418"|"64529075"
32|61|91|183|183|183|"Wet"|"108001418"|"64529076"
0|0|0|32|61|91||"108001419"|"64529077"
32|61|91|183|183|183|"Wet"|"108001419"|"64529078"
0|0|0|32|61|91||"108001420"|"64529079"
32|61|91|183|183|183|"Wet"|"108001420"|"64529080"
0|0|0|0|15|30||"108001469"|"64529081"
0|15|30|183|183|183|"Wet"|"108001469"|"64529082"
0|0|0|0|15|30||"108001470"|"64529083"
0|15|30|183|183|183|"Wet"|"108001470"|"64529084"
0|0|0|0|15|30||"108001471"|"64529085"
0|15|30|183|183|183|"Wet"|"108001471"|"64529086"
0|0|0|0|15|30||"108001473"|"64529087"
0|15|30|183|183|183|"Wet"|"108001473"|"64529088"
0|0|0|0|15|30||"108001474"|"64529089"
0|15|30|183|183|183|"Wet"|"108001474"|"64529090"
0|0|0|0|15|30||"108001475"|"64529091"
0|15|30|183|183|183|"Wet"|"108001475"|"64529092"
0|0|0|0|15|30||"108001476"|"64529093"
0|15|30|183|183|183|"Wet"|"108001476"|"64529094"
0|0|0|0|15|30||"108001480"|"64529095"
0|15|30|183|183|183|"Wet"|"108001480"|"64529096"
0|0|0|0|31|61||"108001495"|"64529097"
0|31|61|183|183|183|"Wet"|"108001495"|"64529098"
0|0|0|0|31|61||"108001496"|"64529099"
0|31|61|183|183|183|"Wet"|"108001496"|"64529100"
0|0|0|0|31|61||"108001497"|"64529101"
0|31|61|183|183|183|"Wet"|"108001497"|"64529102"
0|0|0|0|31|61||"108001498"|"64529103"
0|31|61|183|183|183|"Wet"|"108001498"|"64529104"
0|0|0|0|31|61||"108001499"|"64529105"
0|31|61|183|183|183|"Wet"|"108001499"|"64529106"
0|0|0|0|31|61||"108001500"|"64529107"
0|31|61|183|183|183|"Wet"|"108001500"|"64529108"
0|0|0|32|61|91||"108001505"|"64529109"
32|61|91|183|183|183|"Wet"|"108001505"|"64529110"
0|0|0|32|61|91||"108001506"|"64529111"
32|61|91|183|183|183|"Wet"|"108001506"|"64529112"
0|0|0|32|61|91||"108001507"|"64529113"
32|61|91|183|183|183|"Wet"|"108001507"|"64529114"
0|0|0|32|61|91||"108001508"|"64529115"
32|61|91|183|183|183|"Wet"|"108001508"|"64529116"
0|0|0|32|61|91||"108001509"|"64529117"
32|61|91|183|183|183|"Wet"|"108001509"|"64529118"
0|0|0|32|61|91||"108001510"|"64529119"
32|61|91|183|183|183|"Wet"|"108001510"|"64529120"
0|0|0|32|61|91||"108001511"|"64529121"
32|61|91|183|183|183|"Wet"|"108001511"|"64529122"
0|0|0|32|61|91||"108001512"|"64529123"
32|61|91|183|183|183|"Wet"|"108001512"|"64529124"
0|0|0|32|61|91||"108001513"|"64529125"
32|61|91|183|183|183|"Wet"|"108001513"|"64529126"
0|0|0|32|61|91||"108001514"|"64529127"
32|61|91|183|183|183|"Wet"|"108001514"|"64529128"
0|0|0|32|61|91||"108001515"|"64529129"
32|61|91|183|183|183|"Wet"|"108001515"|"64529130"
0|0|0|32|61|91||"108001516"|"64529131"
32|61|91|183|183|183|"Wet"|"108001516"|"64529132"
0|0|0|0|31|61||"108001565"|"64529133"
0|31|61|183|183|183|"Wet"|"108001565"|"64529134"
0|0|0|0|31|61||"108001566"|"64529135"
0|31|61|183|183|183|"Wet"|"108001566"|"64529136"
0|0|0|0|31|61||"108001567"|"64529137"
0|31|61|183|183|183|"Wet"|"108001567"|"64529138"
0|0|0|0|31|61||"108001568"|"64529139"
0|31|61|183|183|183|"Wet"|"108001568"|"64529140"
0|0|0|0|31|61||"108001569"|"64529141"
0|31|61|183|183|183|"Wet"|"108001569"|"64529142"
0|0|0|0|31|61||"108001570"|"64529143"
0|31|61|183|183|183|"Wet"|"108001570"|"64529144"
0|0|0|61|84|107||"108001625"|"64529145"
61|84|107|183|183|183|"Wet"|"108001625"|"64529146"
0|0|0|61|84|107||"108001626"|"64529147"
61|84|107|183|183|183|"Wet"|"108001626"|"64529148"
0|0|0|61|84|107||"108001630"|"64529149"
61|84|107|183|183|183|"Wet"|"108001630"|"64529150"
0|0|0|61|84|107||"108001631"|"64529151"
61|84|107|183|183|183|"Wet"|"108001631"|"64529152"
0|0|0|61|84|107||"108001633"|"64529153"
61|84|107|183|183|183|"Wet"|"108001633"|"64529154"
0|0|0|61|84|107||"108001636"|"64529155"
61|84|107|183|183|183|"Wet"|"108001636"|"64529156"
0|0|0|107|130|152||"108001697"|"64529157"
107|130|152|183|183|183|"Wet"|"108001697"|"64529158"
0|0|0|107|130|152||"108001698"|"64529159"
107|130|152|183|183|183|"Wet"|"108001698"|"64529160"
0|0|0|107|130|152||"108001702"|"64529161"
107|130|152|183|183|183|"Wet"|"108001702"|"64529162"
0|0|0|107|130|152||"108001703"|"64529163"
107|130|152|183|183|183|"Wet"|"108001703"|"64529164"
0|0|0|107|130|152||"108001704"|"64529165"
107|130|152|183|183|183|"Wet"|"108001704"|"64529166"
0|0|0|107|130|152||"108001705"|"64529167"
107|130|152|183|183|183|"Wet"|"108001705"|"64529168"
25|30|102|183|183|183|"Wet"|"108001829"|"64529169"
0|0|0|25|30|102||"108001829"|"64529170"
25|30|102|183|183|183|"Wet"|"108001830"|"64529171"
0|0|0|25|30|102||"108001830"|"64529172"
25|30|51|183|183|183|"Wet"|"108001831"|"64529173"
0|0|0|25|30|51||"108001831"|"64529174"
25|30|51|183|183|183|"Wet"|"108001832"|"64529175"
0|0|0|25|30|51||"108001832"|"64529176"
25|30|51|183|183|183|"Wet"|"108001833"|"64529177"
0|0|0|25|30|51||"108001833"|"64529178"
25|30|51|183|183|183|"Wet"|"108001834"|"64529179"
0|0|0|25|30|51||"108001834"|"64529180"
25|30|51|183|183|183|"Wet"|"108001835"|"64529181"
0|0|0|25|30|51||"108001835"|"64529182"
25|30|51|183|183|183|"Wet"|"108001836"|"64529183"
0|0|0|25|30|51||"108001836"|"64529184"
25|30|51|183|183|183|"Wet"|"108001837"|"64529185"
0|0|0|25|30|51||"108001837"|"64529186"
25|30|102|183|183|183|"Wet"|"108001838"|"64529187"
0|0|0|25|30|102||"108001838"|"64529188"
25|30|102|183|183|183|"Wet"|"108001839"|"64529189"
0|0|0|25|30|102||"108001839"|"64529190"
25|30|102|183|183|183|"Wet"|"108001840"|"64529191"
0|0|0|25|30|102||"108001840"|"64529192"
0|0|0|102|127|152||"108001842"|"64529193"
102|127|152|183|183|183|"Wet"|"108001842"|"64529194"
25|30|51|183|183|183|"Wet"|"108001843"|"64529195"
0|0|0|25|30|51||"108001843"|"64529196"
25|30|51|183|183|183|"Wet"|"108001844"|"64529197"
0|0|0|25|30|51||"108001844"|"64529198"
25|30|51|183|183|183|"Wet"|"108001845"|"64529199"
0|0|0|25|30|51||"108001845"|"64529200"
0|0|0|51|76|102||"108001846"|"64529201"
51|76|102|183|183|183|"Wet"|"108001846"|"64529202"
0|0|0|51|76|102||"108001847"|"64529203"
51|76|102|183|183|183|"Wet"|"108001847"|"64529204"
0|0|0|102|127|152||"108001848"|"64529205"
102|127|152|183|183|183|"Wet"|"108001848"|"64529206"
0|0|0|102|127|152||"108001849"|"64529207"
102|127|152|183|183|183|"Wet"|"108001849"|"64529208"
0|0|0|102|127|152||"108001850"|"64529209"
102|127|152|183|183|183|"Wet"|"108001850"|"64529210"
0|0|0|25|38|51||"108001853"|"64529211"
25|38|51|183|183|183|"Wet"|"108001853"|"64529212"
0|0|0|25|38|51||"108001854"|"64529213"
25|38|51|183|183|183|"Wet"|"108001854"|"64529214"
0|13|25|183|183|183|"Wet"|"108001855"|"64529215"
0|13|25|183|183|183|"Wet"|"108001856"|"64529216"
0|13|25|183|183|183|"Wet"|"108001857"|"64529217"
0|13|25|183|183|183|"Wet"|"108001858"|"64529218"
0|13|25|183|183|183|"Wet"|"108001859"|"64529219"
0|13|25|183|183|183|"Wet"|"108001860"|"64529220"
0|13|25|183|183|183|"Wet"|"108001861"|"64529221"
0|0|0|25|38|51||"108001862"|"64529222"
25|38|51|183|183|183|"Wet"|"108001862"|"64529223"
0|0|0|25|38|51||"108001863"|"64529224"
25|38|51|183|183|183|"Wet"|"108001863"|"64529225"
0|0|0|25|38|51||"108001864"|"64529226"
25|38|51|183|183|183|"Wet"|"108001864"|"64529227"
0|0|0|0|15|183|"Wet"|"108001866"|"64529228"
0|0|0|0|15|183|"Wet"|"108001867"|"64529229"
0|0|0|0|15|183|"Wet"|"108001868"|"64529230"
0|0|0|0|15|183|"Wet"|"108001869"|"64529231"
0|0|0|0|15|183|"Wet"|"108001870"|"64529232"
0|0|0|0|15|183|"Wet"|"108001871"|"64529233"
0|0|0|0|15|183|"Wet"|"108001872"|"64529234"
0|0|0|0|15|183|"Wet"|"108001873"|"64529235"
0|0|0|102|127|152||"108001878"|"64529236"
102|127|152|183|183|183|"Wet"|"108001878"|"64529237"
25|30|51|183|183|183|"Wet"|"108001879"|"64529238"
0|0|0|25|30|51||"108001879"|"64529239"
25|30|51|183|183|183|"Wet"|"108001880"|"64529240"
0|0|0|25|30|51||"108001880"|"64529241"
25|30|51|183|183|183|"Wet"|"108001881"|"64529242"
0|0|0|25|30|51||"108001881"|"64529243"
0|0|0|51|76|102||"108001882"|"64529244"
51|76|102|183|183|183|"Wet"|"108001882"|"64529245"
0|0|0|51|76|102||"108001883"|"64529246"
51|76|102|183|183|183|"Wet"|"108001883"|"64529247"
0|0|0|102|127|152||"108001884"|"64529248"
102|127|152|183|183|183|"Wet"|"108001884"|"64529249"
0|0|0|102|127|152||"108001885"|"64529250"
102|127|152|183|183|183|"Wet"|"108001885"|"64529251"
0|0|0|102|127|152||"108001886"|"64529252"
102|127|152|183|183|183|"Wet"|"108001886"|"64529253"
0|0|0|0|15|183|"Wet"|"108001890"|"64529254"
0|0|0|0|15|183|"Wet"|"108001891"|"64529255"
0|0|0|0|15|183|"Wet"|"108001892"|"64529256"
0|0|0|0|15|183|"Wet"|"108001893"|"64529257"
0|0|0|0|15|183|"Wet"|"108001894"|"64529258"
0|0|0|0|15|183|"Wet"|"108001895"|"64529259"
0|0|0|0|15|183|"Wet"|"108001896"|"64529260"
0|0|0|0|15|183|"Wet"|"108001897"|"64529261"
0|0|0|25|38|51||"108001901"|"64529262"
25|38|51|183|183|183|"Wet"|"108001901"|"64529263"
0|0|0|25|38|51||"108001902"|"64529264"
25|38|51|183|183|183|"Wet"|"108001902"|"64529265"
0|13|25|183|183|183|"Wet"|"108001903"|"64529266"
0|13|25|183|183|183|"Wet"|"108001904"|"64529267"
0|13|25|183|183|183|"Wet"|"108001905"|"64529268"
0|13|25|183|183|183|"Wet"|"108001906"|"64529269"
0|13|25|183|183|183|"Wet"|"108001907"|"64529270"
0|13|25|183|183|183|"Wet"|"108001908"|"64529271"
0|13|25|183|183|183|"Wet"|"108001909"|"64529272"
0|0|0|25|38|51||"108001910"|"64529273"
25|38|51|183|183|183|"Wet"|"108001910"|"64529274"
0|0|0|25|38|51||"108001911"|"64529275"
25|38|51|183|183|183|"Wet"|"108001911"|"64529276"
0|0|0|25|38|51||"108001912"|"64529277"
25|38|51|183|183|183|"Wet"|"108001912"|"64529278"
0|0|0|76|99|122||"108001916"|"64529279"
76|99|122|183|183|183|"Wet"|"108001916"|"64529280"
0|0|0|76|99|122||"108001917"|"64529281"
76|99|122|183|183|183|"Wet"|"108001917"|"64529282"
0|0|0|76|99|122||"108001918"|"64529283"
76|99|122|183|183|183|"Wet"|"108001918"|"64529284"
0|0|0|76|99|122||"108001919"|"64529285"
76|99|122|183|183|183|"Wet"|"108001919"|"64529286"
0|0|0|76|99|122||"108001920"|"64529287"
76|99|122|183|183|183|"Wet"|"108001920"|"64529288"
0|0|0|76|99|122||"108001921"|"64529289"
76|99|122|183|183|183|"Wet"|"108001921"|"64529290"
25|30|102|183|183|183|"Wet"|"108001925"|"64529291"
0|0|0|25|30|102||"108001925"|"64529292"
25|30|102|183|183|183|"Wet"|"108001926"|"64529293"
0|0|0|25|30|102||"108001926"|"64529294"
25|30|51|183|183|183|"Wet"|"108001927"|"64529295"
0|0|0|25|30|51||"108001927"|"64529296"
25|30|51|183|183|183|"Wet"|"108001928"|"64529297"
0|0|0|25|30|51||"108001928"|"64529298"
25|30|51|183|183|183|"Wet"|"108001929"|"64529299"
0|0|0|25|30|51||"108001929"|"64529300"
25|30|51|183|183|183|"Wet"|"108001930"|"64529301"
0|0|0|25|30|51||"108001930"|"64529302"
25|30|51|183|183|183|"Wet"|"108001931"|"64529303"
0|0|0|25|30|51||"108001931"|"64529304"
25|30|51|183|183|183|"Wet"|"108001932"|"64529305"
0|0|0|25|30|51||"108001932"|"64529306"
25|30|51|183|183|183|"Wet"|"108001933"|"64529307"
0|0|0|25|30|51||"108001933"|"64529308"
25|30|102|183|183|183|"Wet"|"108001934"|"64529309"
0|0|0|25|30|102||"108001934"|"64529310"
25|30|102|183|183|183|"Wet"|"108001935"|"64529311"
0|0|0|25|30|102||"108001935"|"64529312"
25|30|102|183|183|183|"Wet"|"108001936"|"64529313"
0|0|0|25|30|102||"108001936"|"64529314"
0|0|0|102|127|152||"108001938"|"64529315"
102|127|152|183|183|183|"Wet"|"108001938"|"64529316"
25|30|51|183|183|183|"Wet"|"108001939"|"64529317"
0|0|0|25|30|51||"108001939"|"64529318"
25|30|51|183|183|183|"Wet"|"108001940"|"64529319"
0|0|0|25|30|51||"108001940"|"64529320"
25|30|51|183|183|183|"Wet"|"108001941"|"64529321"
0|0|0|25|30|51||"108001941"|"64529322"
0|0|0|51|76|102||"108001942"|"64529323"
51|76|102|183|183|183|"Wet"|"108001942"|"64529324"
0|0|0|51|76|102||"108001943"|"64529325"
51|76|102|183|183|183|"Wet"|"108001943"|"64529326"
0|0|0|102|127|152||"108001944"|"64529327"
102|127|152|183|183|183|"Wet"|"108001944"|"64529328"
0|0|0|102|127|152||"108001945"|"64529329"
102|127|152|183|183|183|"Wet"|"108001945"|"64529330"
0|0|0|102|127|152||"108001946"|"64529331"
102|127|152|183|183|183|"Wet"|"108001946"|"64529332"
25|30|102|183|183|183|"Wet"|"108001949"|"64529333"
0|0|0|25|30|102||"108001949"|"64529334"
25|30|102|183|183|183|"Wet"|"108001950"|"64529335"
0|0|0|25|30|102||"108001950"|"64529336"
25|30|51|183|183|183|"Wet"|"108001951"|"64529337"
0|0|0|25|30|51||"108001951"|"64529338"
25|30|51|183|183|183|"Wet"|"108001952"|"64529339"
0|0|0|25|30|51||"108001952"|"64529340"
25|30|51|183|183|183|"Wet"|"108001953"|"64529341"
0|0|0|25|30|51||"108001953"|"64529342"
25|30|51|183|183|183|"Wet"|"108001954"|"64529343"
0|0|0|25|30|51||"108001954"|"64529344"
25|30|51|183|183|183|"Wet"|"108001955"|"64529345"
0|0|0|25|30|51||"108001955"|"64529346"
25|30|51|183|183|183|"Wet"|"108001956"|"64529347"
0|0|0|25|30|51||"108001956"|"64529348"
25|30|51|183|183|183|"Wet"|"108001957"|"64529349"
0|0|0|25|30|51||"108001957"|"64529350"
25|30|102|183|183|183|"Wet"|"108001958"|"64529351"
0|0|0|25|30|102||"108001958"|"64529352"
25|30|102|183|183|183|"Wet"|"108001959"|"64529353"
0|0|0|25|30|102||"108001959"|"64529354"
25|30|102|183|183|183|"Wet"|"108001960"|"64529355"
0|0|0|25|30|102||"108001960"|"64529356"
0|0|0|25|38|51||"108001961"|"64529357"
25|38|51|183|183|183|"Wet"|"108001961"|"64529358"
0|0|0|25|38|51||"108001962"|"64529359"
25|38|51|183|183|183|"Wet"|"108001962"|"64529360"
0|13|25|183|183|183|"Wet"|"108001963"|"64529361"
0|13|25|183|183|183|"Wet"|"108001964"|"64529362"
0|13|25|183|183|183|"Wet"|"108001965"|"64529363"
0|13|25|183|183|183|"Wet"|"108001966"|"64529364"
0|13|25|183|183|183|"Wet"|"108001967"|"64529365"
0|13|25|183|183|183|"Wet"|"108001968"|"64529366"
0|13|25|183|183|183|"Wet"|"108001969"|"64529367"
0|0|0|25|38|51||"108001970"|"64529368"
25|38|51|183|183|183|"Wet"|"108001970"|"64529369"
0|0|0|25|38|51||"108001971"|"64529370"
25|38|51|183|183|183|"Wet"|"108001971"|"64529371"
0|0|0|25|38|51||"108001972"|"64529372"
25|38|51|183|183|183|"Wet"|"108001972"|"64529373"
0|0|0|0|15|183|"Wet"|"108001974"|"64529374"
0|0|0|0|15|183|"Wet"|"108001975"|"64529375"
0|0|0|0|15|183|"Wet"|"108001976"|"64529376"
0|0|0|0|15|183|"Wet"|"108001980"|"64529377"
0|0|0|0|15|183|"Wet"|"108001981"|"64529378"
0|0|0|0|15|183|"Wet"|"108001982"|"64529379"
0|0|0|0|15|183|"Wet"|"108001983"|"64529380"
0|0|0|0|15|183|"Wet"|"108001984"|"64529381"
0|0|0|0|15|183|"Wet"|"108001986"|"64529382"
0|0|0|0|15|183|"Wet"|"108001987"|"64529383"
0|0|0|0|15|183|"Wet"|"108001988"|"64529384"
0|0|0|0|15|183|"Wet"|"108001989"|"64529385"
0|0|0|0|15|183|"Wet"|"108001990"|"64529386"
0|0|0|0|15|183|"Wet"|"108001991"|"64529387"
0|0|0|0|15|183|"Wet"|"108001992"|"64529388"
0|0|0|0|15|183|"Wet"|"108001993"|"64529389"
0|0|0|76|99|122||"108002000"|"64529390"
76|99|122|183|183|183|"Wet"|"108002000"|"64529391"
0|0|0|76|99|122||"108002001"|"64529392"
76|99|122|183|183|183|"Wet"|"108002001"|"64529393"
0|0|0|76|99|122||"108002002"|"64529394"
76|99|122|183|183|183|"Wet"|"108002002"|"64529395"
0|0|0|76|99|122||"108002003"|"64529396"
76|99|122|183|183|183|"Wet"|"108002003"|"64529397"
0|0|0|76|99|122||"108002004"|"64529398"
76|99|122|183|183|183|"Wet"|"108002004"|"64529399"
0|0|0|76|99|122||"108002005"|"64529400"
76|99|122|183|183|183|"Wet"|"108002005"|"64529401"
0|0|0|76|99|122||"108002009"|"64529402"
76|99|122|183|183|183|"Wet"|"108002009"|"64529403"
0|0|0|76|99|122||"108002015"|"64529404"
76|99|122|183|183|183|"Wet"|"108002015"|"64529405"
0|0|0|76|99|122||"108002016"|"64529406"
76|99|122|183|183|183|"Wet"|"108002016"|"64529407"
0|0|0|76|99|122||"108002017"|"64529408"
76|99|122|183|183|183|"Wet"|"108002017"|"64529409"
0|0|0|0|15|30||"108002021"|"64529410"
0|15|30|183|183|183|"Wet"|"108002021"|"64529411"
0|0|0|0|15|30||"108002022"|"64529412"
0|15|30|183|183|183|"Wet"|"108002022"|"64529413"
0|0|0|0|15|30||"108002026"|"64529414"
0|15|30|183|183|183|"Wet"|"108002026"|"64529415"
0|0|0|0|15|30||"108002027"|"64529416"
0|15|30|183|183|183|"Wet"|"108002027"|"64529417"
0|0|0|0|15|30||"108002028"|"64529418"
0|15|30|183|183|183|"Wet"|"108002028"|"64529419"
0|0|0|0|15|30||"108002029"|"64529420"
0|15|30|183|183|183|"Wet"|"108002029"|"64529421"
0|0|0|0|15|30||"108002031"|"64529422"
0|15|30|183|183|183|"Wet"|"108002031"|"64529423"
0|0|0|0|15|30||"108002032"|"64529424"
0|15|30|183|183|183|"Wet"|"108002032"|"64529425"
0|0|0|76|99|122||"108002033"|"64529426"
76|99|122|183|183|183|"Wet"|"108002033"|"64529427"
0|0|0|76|99|122||"108002034"|"64529428"
76|99|122|183|183|183|"Wet"|"108002034"|"64529429"
0|0|0|76|99|122||"108002038"|"64529430"
76|99|122|183|183|183|"Wet"|"108002038"|"64529431"
0|0|0|76|99|122||"108002039"|"64529432"
76|99|122|183|183|183|"Wet"|"108002039"|"64529433"
0|0|0|76|99|122||"108002041"|"64529434"
76|99|122|183|183|183|"Wet"|"108002041"|"64529435"
0|0|0|76|99|122||"108002044"|"64529436"
76|99|122|183|183|183|"Wet"|"108002044"|"64529437"
